25.246918293754412 6.340375681274164
26.259220986510094 5.748280995150365
27.044996879165474 5.211407266270568
28.129395491613987 4.700411280931776
28.87637733102486 4.305615045387094
29.935973315102103 3.923723155095944
30.93294499203759 3.6127992533619206
32.06800511102384 3.309399084034771
33.353806710549094 3.015881637383997
34.69116392594812 2.7483968598978477
36.200546196920214 2.5176116412624516
38.02392569669183 2.2943510186675855
39.93914670576288 2.1017116877026947
41.95083517437098 1.9252468267873577
44.353512423259296 1.754532927936696
46.74042273568551 1.6577907273193173
49.90549969584305 1.56641146821529
52.2477327372793 1.4876891888864718
54.699894657372845 1.4129232118374027
57.64360160442045 1.3913101791826223
59.95488460717516 1.3913867317209594
62.15488200391657 1.2745391184441197
63.18139192374437 1.185695007478397
65.93035915438006 1.1261010226272687
69.9351703049109 1.1088855854035045
74.91593392244293 1.0807314553351741
81.57680692110875 1.042496240325886
87.67344097184764 1.0212914476891664
93.91751935347642 0.9953612952600944
98.32538458556766 0.9801265852899304
106.02048634721338 0.9601948190253105
115.06930969346817 0.9553598533826829
123.66900240209131 0.9456414273673728
136.88860724795694 0.9409056280254834
148.0860782325721 0.9410091717166271
160.19950094591078 0.970721304626553
169.37471032150765 0.9707969709875237
180.25260478666877 0.970881546253078
194.35946175429197 0.9963749667013845
202.15251610679445 1.0119828673993534
210.947995684687 1.0331601728104227
223.7616204872153 1.0548048273605328
245.25828102334873 1.0769523138375452
263.58763275635613 1.093872586619621
280.516242972147 1.1342261079344993
296.58243074007396 1.170001465965661
314.59775237510684 1.200695853427939
330.4436760590925 1.2132412967393638
356.30472633094996 1.2645331039744576
384.18970373356547 1.3248154194287975
404.8650982100744 1.402332216409017
430.8670899040909 1.4998116657740113
457.03927140251426 1.5875822952390224
478.48966242629285 1.654631714697425
519.3286415470335 1.7788579136538474
549.0724858961307 1.863607646435993
588.1772775083602 2.0138568057992425
615.7824164609486 2.2796497371522344
661.8028503285392 2.425592052549756
718.287566528185 2.554400949788829
782.1514471028845 2.7461924837217206
832.384217279779 2.921962497434916
915.3447756469469 3.2069421691575655
990.2198640292847 3.4122806866086393
1071.2197252943863 3.687438834410495
1151.2772183434677 3.943815729652537
1237.3177996815014 4.261796510046409
1325.4392334766767 4.653193552781108
1429.1702264798591 5.002499467359221
1581.9414568170475 5.46217200290941
