6.310000000000000142e+01 4.400000000000000000e+02 1.300000000000000000e+01
3.560000000000000142e+01 1.080000000000000000e+03 4.100000000000000000e+01
2.050000000000000000e+01 4.500000000000000000e+02 1.160000000000000000e+02
4.889999999999999858e+01 9.900000000000000000e+02 4.910000000000000000e+02
1.780000000000000071e+01 3.200000000000000000e+02 6.460000000000000000e+02
7.950000000000000000e+01 2.840000000000000000e+03 6.970000000000000000e+02
5.629999999999999716e+01 1.030000000000000000e+03 7.080000000000000000e+02
5.320000000000000284e+01 6.000000000000000000e+02 7.130000000000000000e+02
2.799999999999999822e+00 4.000000000000000000e+01 7.160000000000000000e+02
5.939999999999999858e+01 1.060000000000000000e+03 7.170000000000000000e+02
6.540000000000000568e+01 1.940000000000000000e+03 7.220000000000000000e+02
1.022000000000000028e+02 8.280000000000000000e+03 1.310000000000000000e+03
4.139999999999999858e+01 1.540000000000000000e+03 1.315000000000000000e+03
3.560000000000000142e+01 7.200000000000000000e+02 1.319000000000000000e+03
5.550000000000000000e+01 3.320000000000000000e+03 1.320000000000000000e+03
7.800000000000000000e+01 3.800000000000000000e+03 1.320000000000000000e+03
7.050000000000000000e+01 2.590000000000000000e+03 1.328000000000000000e+03
1.729000000000000057e+02 4.580000000000000000e+03 1.333000000000000000e+03
6.650000000000000000e+01 1.520000000000000000e+03 1.340000000000000000e+03
3.429999999999999716e+01 1.460000000000000000e+03 1.349000000000000000e+03
5.210000000000000142e+01 2.210000000000000000e+03 1.350000000000000000e+03
6.640000000000000568e+01 3.890000000000000000e+03 1.351000000000000000e+03
6.010000000000000142e+01 1.790000000000000000e+03 1.354000000000000000e+03
1.000000000000000000e+02 2.600000000000000000e+03 1.356000000000000000e+03
1.474000000000000057e+02 3.310000000000000000e+03 1.358000000000000000e+03
7.259999999999999432e+01 1.080000000000000000e+03 1.358000000000000000e+03
5.550000000000000000e+01 2.520000000000000000e+03 1.364000000000000000e+03
1.105000000000000000e+02 2.840000000000000000e+03 1.370000000000000000e+03
8.800000000000000000e+01 2.910000000000000000e+03 1.388000000000000000e+03
5.660000000000000142e+01 8.700000000000000000e+02 1.398000000000000000e+03
9.020000000000000284e+01 2.090000000000000000e+03 1.399000000000000000e+03
1.072999999999999972e+02 3.630000000000000000e+03 1.404000000000000000e+03
1.919999999999999929e+01 8.500000000000000000e+02 1.405000000000000000e+03
3.010000000000000142e+01 9.300000000000000000e+02 1.406000000000000000e+03
5.450000000000000000e+01 3.730000000000000000e+03 1.417000000000000000e+03
2.080000000000000071e+01 7.700000000000000000e+02 1.418000000000000000e+03
1.760000000000000142e+01 1.030000000000000000e+03 1.423000000000000000e+03
6.540000000000000568e+01 3.070000000000000000e+03 1.425000000000000000e+03
1.969999999999999929e+01 8.800000000000000000e+02 1.426000000000000000e+03
6.740000000000000568e+01 3.330000000000000000e+03 1.429000000000000000e+03
6.210000000000000142e+01 3.190000000000000000e+03 1.432000000000000000e+03
7.240000000000000568e+01 6.130000000000000000e+03 1.434000000000000000e+03
2.569999999999999929e+01 2.300000000000000000e+02 1.443000000000000000e+03
5.429999999999999716e+01 2.070000000000000000e+03 1.457000000000000000e+03
3.300000000000000000e+01 1.540000000000000000e+03 1.457000000000000000e+03
7.440000000000000568e+01 1.520000000000000000e+03 1.470000000000000000e+03
5.470000000000000284e+01 1.750000000000000000e+03 1.475000000000000000e+03
6.500000000000000000e+01 4.940000000000000000e+03 1.476000000000000000e+03
1.159999999999999964e+01 7.200000000000000000e+02 1.477000000000000000e+03
1.330000000000000071e+01 5.500000000000000000e+02 1.484000000000000000e+03
3.489999999999999858e+01 9.300000000000000000e+02 1.485000000000000000e+03
5.960000000000000142e+01 3.280000000000000000e+03 1.486000000000000000e+03
9.029999999999999716e+01 3.130000000000000000e+03 1.489000000000000000e+03
2.019999999999999929e+01 7.700000000000000000e+02 1.490000000000000000e+03
1.900000000000000000e+01 9.900000000000000000e+02 1.524000000000000000e+03
1.760000000000000142e+01 1.150000000000000000e+03 1.526000000000000000e+03
1.070000000000000000e+02 1.290000000000000000e+03 1.530000000000000000e+03
3.400000000000000000e+01 1.370000000000000000e+03 1.534000000000000000e+03
1.960000000000000142e+01 1.620000000000000000e+03 1.547000000000000000e+03
7.600000000000000000e+01 3.400000000000000000e+03 1.548000000000000000e+03
1.680000000000000071e+01 7.900000000000000000e+02 1.550000000000000000e+03
4.500000000000000000e+01 1.800000000000000000e+03 1.555000000000000000e+03
1.921000000000000085e+01 6.500000000000000000e+02 1.555000000000000000e+03
4.139999999999999858e+01 1.930000000000000000e+03 1.566000000000000000e+03
1.887000000000000099e+01 3.400000000000000000e+02 1.567000000000000000e+03
3.220000000000000284e+01 5.500000000000000000e+02 1.570000000000000000e+03
7.550000000000000000e+01 3.000000000000000000e+03 1.573000000000000000e+03
8.200000000000000000e+01 4.300000000000000000e+03 1.581000000000000000e+03
6.079999999999999716e+01 1.250000000000000000e+03 1.594000000000000000e+03
7.200000000000000178e+00 2.900000000000000000e+02 1.597000000000000000e+03
7.100000000000000000e+01 3.400000000000000000e+03 1.610000000000000000e+03
6.029999999999999716e+01 9.000000000000000000e+02 1.611000000000000000e+03
1.676000000000000156e+01 4.100000000000000000e+02 1.615000000000000000e+03
6.250000000000000000e+01 2.230000000000000000e+03 1.621000000000000000e+03
6.100000000000000000e+01 4.100000000000000000e+03 1.621000000000000000e+03
5.989999999999999858e+01 3.400000000000000000e+03 1.622000000000000000e+03
2.669999999999999929e+01 9.400000000000000000e+02 1.623000000000000000e+03
7.800000000000000000e+01 3.800000000000000000e+03 1.629000000000000000e+03
6.220000000000000284e+01 3.400000000000000000e+03 1.632000000000000000e+03
1.410000000000000000e+02 6.000000000000000000e+03 1.633000000000000000e+03
6.400000000000000000e+01 4.000000000000000000e+03 1.633000000000000000e+03
6.859999999999999432e+01 1.710000000000000000e+03 1.637000000000000000e+03
3.210000000000000142e+01 1.150000000000000000e+03 1.638000000000000000e+03
5.550000000000000000e+01 1.480000000000000000e+03 1.644000000000000000e+03
4.170000000000000284e+01 2.100000000000000000e+03 1.648000000000000000e+03
4.739999999999999858e+01 5.400000000000000000e+03 1.650000000000000000e+03
5.900000000000000000e+01 1.170000000000000000e+03 1.653000000000000000e+03
2.019999999999999929e+01 1.120000000000000000e+03 1.658000000000000000e+03
5.300000000000000000e+01 3.600000000000000000e+03 1.664000000000000000e+03
