GW150914 63.1 0.44 0.69 13.0
GW151012 35.6 1.08 0.67 41.0
GW151226 20.5 0.45 0.74 116.0
GW170104 48.9 0.99 0.66 491.0
GW170608 17.8 0.32 0.69 646.0
GW170729 79.5 2.84 0.81 697.0
GW170809 56.3 1.03 0.7 708.0
GW170814 53.2 0.6 0.72 713.0
GW170818 59.4 1.06 0.67 717.0
GW170823 65.4 1.94 0.72 722.0
GW190403_051519 102.2 8.28 0.91 1310.0
GW190408A 41.1 1.55 0.67 1315.0
GW190412A 37.3 0.74 0.67 1319.0
GW190413A 56.0 3.55 0.68 1320.0
GW190413B 75.5 4.45 0.68 1320.0
GW190421A 69.7 2.88 0.67 1328.0
GW190424A 68.9 2.2 0.74 1333.0
GW190503A 68.6 1.45 0.66 1340.0
GW190512A 34.5 1.43 0.65 1349.0
GW190513A 51.6 2.06 0.68 1350.0
GW190514A 64.5 4.13 0.63 1351.0
GW190517A 59.3 1.86 0.87 1354.0
GW190519A 101.0 2.53 0.79 1356.0
GW190521A 156.3 3.92 0.71 1358.0
GW190521B 71.0 1.24 0.72 1358.0
GW190527A 56.4 2.49 0.71 1364.0
GW190602A 110.9 2.69 0.7 1370.0
GW190620A 87.2 2.81 0.79 1388.0
GW190630A 56.4 0.89 0.7 1398.0
GW190701A 90.2 2.06 0.66 1399.0
GW190706A 99.0 4.42 0.78 1404.0
GW190707A 19.2 0.77 0.66 1405.0
GW190708A 29.5 0.88 0.69 1406.0
GW190719A 54.9 3.94 0.78 1417.0
GW190720A 20.4 0.79 0.72 1418.0
GW190727A 63.8 3.3 0.73 1423.0
GW190728A 19.6 0.87 0.71 1425.0
GW190731A 67.0 3.3 0.7 1426.0
GW190803A 61.7 3.27 0.68 1429.0
GW190814A 25.6 0.24 0.28 1432.0
GW190828A 54.9 2.13 0.75 1434.0
GW190828B 33.1 1.6 0.65 1443.0
GW190909A 72.0 3.77 0.66 1457.0
GW190910A 75.8 1.46 0.7 1457.0
GW190915A 57.2 1.62 0.7 1470.0
GW190924A 13.3 0.57 0.67 1475.0
GW190929A 101.5 2.13 0.66 1476.0
GW190930A 19.4 0.76 0.72 1477.0
GW191103A 19.0 0.99 0.75 1484.0
GW191105C 17.6 1.15 0.67 1485.0
GW191109A 107 1.29 0.61 1486.0
GW191113B 34 1.37 0.45 1489.0
GW191126C 19.6 1.62 0.75 1490.0
GW191127B 76 3.4 0.75 1524.0
GW191129G 16.8 0.79 0.69 1526.0
GW191204A 45.0 1.8 0.71 1530.0
GW191204G 19.21 0.65 0.73 1534.0
GW191215G 41.4 1.93 0.68 1547.0
GW191216G 18.87 0.34 0.7 1548.0
GW191219E 32.2 0.55 0.14 1550.0
GW191222A 75.5 3.0 0.67 1555.0
GW191230H 82 4.3 0.68 1555.0
GW200105F 10.7 0.27 0.43 1932.0
GW200112H 60.8 1.25 0.71 1933.0
GW200115A 7.2 0.29 0.42 1936.0
GW200128C 71 3.4 0.74 1939.0
GW200129D 60.3 0.9 0.73 1947.0
GW200202F 16.76 0.41 0.69 1594.0
GW200208G 62.5 2.23 0.66 1597.0
GW200208K 61 4.1 0.83 1610.0
GW200209E 59.9 3.4 0.66 1611.0
GW200210B 26.7 0.94 0.34 1615.0
GW200216G 78 3.8 0.7 1621.0
GW200219D 62.2 3.4 0.66 1621.0
GW200220E 141 6.0 0.71 1622.0
GW200220H 64 4.0 0.67 1623.0
GW200224H 68.6 1.71 0.73 1629.0
GW200225B 32.1 1.15 0.66 1632.0
GW200302A 55.5 1.48 0.66 1633.0
GW200306A 41.7 2.1 0.78 1633.0
GW200308G 88 5.4 0.91 1637.0
GW200311L 59.0 1.17 0.69 1638.0
GW200316I 20.2 1.12 0.7 1644.0
GW200322G 74 3.6 0.78 1648.0
