12.315112540192928 0.0009947927361573935
12.315112540192928 0.0010467564064120187
12.315112540192928 0.0011394641461367166
12.315112540192928 0.0012616146070677072
12.315112540192928 0.0013968595871691677
12.315112540192928 0.0015205748032843633
12.315112540192928 0.0016835802947085278
12.339228295819936 0.001895976109409819
12.363344051446948 0.0022088890487454473
12.363344051446948 0.0025301249017576737
12.363344051446948 0.003154750783199715
12.363344051446948 0.0036135420744407704
12.363344051446948 0.004505637125482507
12.411575562700968 0.005523473188636764
12.411575562700968 0.00665722647011732
12.411575562700968 0.008023695012334981
12.411575562700968 0.010527143192633613
12.459807073954984 0.013579369039581924
12.459807073954984 0.01722160779065937
12.459807073954984 0.02111182526489384
12.508038585209004 0.02769911228660756
12.508038585209004 0.03634142635053857
12.508038585209004 0.04768020200525239
12.556270096463024 0.06255732285676718
12.604501607717044 0.08069510955210965
12.65273311897106 0.119229668159704
12.65273311897106 0.1486645535744754
12.700964630225084 0.17918120887212957
12.700964630225084 0.23113066714424244
12.7491961414791 0.28819379029704273
12.79742765273312 0.36549603687857685
12.84565916398714 0.46353307209102834
12.89389067524116 0.5979292323466998
12.89389067524116 0.6848853006485144
12.942122186495176 0.7844944119425288
12.990353697749196 0.8834680662457884
12.990353697749196 0.9781757688756747
13.038585209003216 1.1591267387603212
13.086816720257236 1.3277091046188323
13.183279742765276 1.546856049310808
13.231511254019292 1.7718294225540674
13.279742765273312 2.029522723867555
13.424437299035372 2.3645300362457764
13.520900321543408 2.6628689096509284
13.617363344051448 2.9988499707298617
13.762057877813508 3.3772533496821247
13.954983922829584 3.7394306724567192
14.19614147909968 4.070804760003367
14.485530546623796 4.211589064875833
14.823151125401932 4.211857221635969
15.209003215434084 4.0030611075996925
15.45016077170418 3.74048520334114
15.787781350482316 3.4951962259964398
16.028938906752412 3.2109702125499053
16.366559485530548 2.851457324893995
16.704180064308684 2.575541091426263
16.9935691318328 2.326302245939601
17.234726688102896 2.1371295727382176
17.52411575562701 1.9633580981709093
17.909967845659164 1.743548641408264
18.2475884244373 1.5748372355579123
18.633440514469456 1.3985249685496357
18.971061093247588 1.263199169224499
19.260450160771704 1.1409575542080306
19.64630225080386 1.048204579116052
19.983922829581996 0.9467769137435449
20.273311897106108 0.8846822850931668
20.659163987138264 0.799084833899673
20.9967845659164 0.73411737398548
21.334405144694536 0.6744319200218991
21.623794212218648 0.630199113944981
21.864951768488748 0.5989416531078386
22.20257234726688 0.5502463003887437
22.588424437299036 0.5055145913026535
23.118971061093248 0.44893151702415496
23.64951768488746 0.40550620442449276
24.131832797427652 0.36627810693171176
24.758842443729904 0.3308539079976657
25.241157556270096 0.3039630080088016
25.675241157556272 0.27925518675967226
26.061093247588428 0.2609449040961601
26.54340836012862 0.2438396308890251
27.025723472668812 0.22785563028349182
27.556270096463024 0.20933805241246
28.08681672025724 0.1956174537832984
28.520900321543408 0.18592172110888133
29.05144694533762 0.173735894010654
29.678456591639872 0.16235171328113002
30.257234726688104 0.15430899967727005
30.836012861736336 0.14666471267948908
31.46302250803859 0.14421352106339025
31.9935691318328 0.14422795056352528
32.475884244373 0.14671007576660444
33.00643086816721 0.15179078533778625
33.440514469453376 0.16246693555432026
33.826366559485535 0.1680887335168761
34.30868167202573 0.17991283045455728
34.79099678456592 0.19256868610364397
35.128617363344055 0.20264054298106648
35.56270096463023 0.2168931925869801
35.9967845659164 0.23214829716957588
36.430868167202576 0.24429471744183717
36.86495176848875 0.26147709840594385
37.250803858520904 0.27515555207900466
37.68488745980708 0.28955218998910864
38.16720257234727 0.2995769330999746
38.64951768488746 0.30473257354971545
39.08360128617364 0.29962870932620955
39.56591639871383 0.28478027368686243
40.04823151125403 0.27066766887437993
40.43408360128618 0.24447921346330365
40.916398713826375 0.22460861221097017
41.20578778135049 0.20987759356818267
41.59163987138265 0.18957088304083383
41.92926045016078 0.17122739125256947
42.26688102893891 0.15730620515881638
42.556270096463024 0.14208345562001562
42.89389067524116 0.1283350009016158
43.327974276527335 0.11396818130062494
43.617363344051455 0.10120693374066203
43.90675241157557 0.0914129920308062
44.2443729903537 0.08256757525708895
44.63022508038586 0.07087646780323302
45.016077170418015 0.061882180507379224
45.49839228295821 0.05312097573094432
45.932475884244376 0.0448323517828022
46.46302250803859 0.03848539132079477
47.04180064308682 0.033037276832165126
47.57234726688103 0.02933936044930341
48.00643086816721 0.027415878370191236
48.44051446945338 0.02518736172734057
48.87459807073956 0.023536083779875785
49.35691318327975 0.021623135316052196
49.79099678456592 0.02055138974553967
50.17684887459808 0.019203870439863584
50.707395498392295 0.017945195318951328
51.2379421221865 0.017056056238556938
51.720257234726695 0.015938009872381233
52.29903536977493 0.015148459542246502
52.829581993569136 0.014397891652212986
53.4565916398714 0.013684761444144716
54.035369774919616 0.012787940402105165
54.614147909967855 0.012154440821726446
55.28938906752413 0.01135811486150715
55.96463022508039 0.010795643546407857
56.54340836012863 0.010088158776995265
57.55627009646303 0.009269148191861785
58.56913183279744 0.008662410281036138
59.29260450160772 0.008094946308066581
60.06430868167204 0.00769421208355066
60.78778135048232 0.007313249386593057
61.65594855305467 0.006951338931762667
62.475884244373 0.006607278226525466
63.10289389067525 0.006280018526962243
64.0192926045016 0.005969293816820952
64.69453376205787 0.005770802929020243
65.32154340836014 0.005484974004001171
66.14147909967846 0.0052134919136370556
66.86495176848874 0.00504017878502643
67.58842443729904 0.004872627138556059
68.11897106109325 0.004710474062863016
68.84244372990354 0.0045538828547825845
69.42122186495176 0.004328288835191771
70.14469453376206 0.004184402685182539
71.01286173633441 0.00404541015519932
71.68810289389069 0.003845075223051164
72.36334405144694 0.003717218826950637
73.08681672025723 0.003593646596418542
73.81028938906752 0.0034741823016495987
74.67845659163987 0.0033022555929476316
75.59485530546624 0.003138865563519255
76.41479099678457 0.0030345748453325773
77.13826366559485 0.002933695881835581
77.81350482315112 0.002836144660871731
78.53697749196142 0.0026957189347239572
79.11575562700965 0.002562176178011902
79.79099678456592 0.0024352932734159538
80.36977491961414 0.0023146516987528343
81.18971061093248 0.002126658542816602
82.0096463022508 0.001953933959122974
82.491961414791 0.0018888930464515845
82.97427652733118 0.0017650736841592846
83.64951768488746 0.0016216723258789143
84.08360128617363 0.001489853687107856
84.71061093247589 0.0013687998072443735
85.28938906752411 0.0012155988645687124
85.77170418006432 0.001098003547281047
86.01286173633441 0.0010259813456316464
