11.54340836012862 0.0010116735839727298
11.54340836012862 0.001599770224205411
11.591639871382636 0.0024041731149231018
11.591639871382636 0.003674861032265682
11.639871382636656 0.005811149785128675
11.688102893890676 0.008299600242073364
11.688102893890676 0.011654061943187995
11.736334405144696 0.01721925834057699
11.784565916398716 0.02075388820779284
11.784565916398716 0.023772099097804374
11.784565916398716 0.02722924446049774
11.832797427652736 0.031189441648770546
11.832797427652736 0.03512405525715919
11.832797427652736 0.04092076254520413
11.881028938906752 0.04767456450391429
11.881028938906752 0.05460781423146379
11.929260450160772 0.06254992634885653
11.929260450160772 0.07044073100600305
11.929260450160772 0.07799197146396014
11.977491961414792 0.08783162144054805
12.025723472668812 0.10060577464097602
12.025723472668812 0.11523674121356399
12.025723472668812 0.13199547016969382
12.073954983922832 0.14864832815732806
12.073954983922832 0.16458341647283192
12.122186495176852 0.18534764617039778
12.170418006430868 0.2123044436049299
12.218649517684888 0.24734441055270828
12.266881028938908 0.28331796246770447
12.266881028938908 0.33007541361753545
12.363344051446948 0.3911390262232794
12.411575562700968 0.4634951286814195
12.459807073954984 0.5492362559310882
12.604501607717044 0.6848479250513747
12.65273311897106 0.8254279594819557
12.79742765273312 1.0119128582461312
12.942122186495176 1.2617637925738452
13.135048231511256 1.5208099403979392
13.327974276527332 1.6839019017144214
13.520900321543408 1.8022565706821265
13.713826366559488 1.8331728881242828
13.906752411575564 1.8023877161540018
14.09967845659164 1.772119531326276
14.292604501607716 1.713037215575186
14.533762057877816 1.7424388924291772
14.726688102893892 1.8335230711513038
14.919614147909968 1.9623940082942721
15.064308681672028 2.1362550212426035
15.160771704180068 2.325498339365117
15.209003215434084 2.488880318217433
15.305466237942124 2.663765213963491
15.40192926045016 2.9998593640769213
15.498392282958203 3.4361875060200275
15.69131832797428 4.141653253154845
15.836012861736336 4.744097932602503
15.884244372990356 5.342624450592037
15.980707395498392 5.915460952000567
16.125401929260452 6.775923612484876
16.221864951768488 7.5024385326112855
16.414790996784568 8.449194315873978
16.607717041800644 9.043054086019115
16.7524115755627 9.198097021647076
16.89710610932476 8.89135237005253
16.9935691318328 8.450116571132632
17.090032154340836 7.895626046024766
17.186495176848876 7.131295408231295
17.331189710610932 5.81739012225291
17.427652733118972 4.826752257909116
17.57234726688103 4.073397431371129
17.668810289389068 3.4375942308224112
17.717041800643088 2.9506622172242807
17.813504823151128 2.5760799473254434
17.909967845659164 2.249050350892075
17.958199356913184 1.8979862192897532
18.006430868167204 1.6570245620861292
18.151125401929264 1.3983977702316137
18.2475884244373 1.1602659359394212
18.29581993569132 0.9464755593881364
18.39228295819936 0.7337568920493613
18.536977491961416 0.6298323705864173
18.585209003215436 0.5051331051649678
18.729903536977492 0.42629241840782395
18.826366559485532 0.36591182347851714
18.922829581993568 0.3140836120460453
19.019292604501608 0.2562129569425721
19.163987138263668 0.21992463143397648
19.308681672025724 0.18247553357196486
19.5016077170418 0.15931342849166588
19.7427652733119 0.1390926161719298
20.032154340836012 0.13219491643804826
20.273311897106108 0.13676548824444884
20.562700964630228 0.15143500123653306
20.85209003215434 0.1705481520449768
21.14147909967846 0.2021067380452224
21.527331189710612 0.24777899236946924
21.864951768488748 0.30376953899405396
22.20257234726688 0.34796850095050885
22.491961414791 0.37880758814548227
22.877813504823152 0.39862386298194064
23.263665594855308 0.41241733309998
23.7459807073955 0.4055135811282711
24.180064308681676 0.3854143967128515
24.565916398713828 0.3601434370995834
24.903536977491964 0.3308629360557299
25.241157556270096 0.298847568224838
25.675241157556272 0.26092591720323227
25.964630225080388 0.23567573790002877
26.254019292604504 0.2092866492886559
26.591639871382636 0.18272632388404722
27.025723472668812 0.1568547237670424
27.459807073954988 0.13238021436834985
27.94212218649518 0.11558314907803552
28.376205787781352 0.09921812323146588
28.762057877813508 0.08662725445712612
29.34083601286174 0.07958787612568693
29.82315112540193 0.07564380995465124
30.353697749196144 0.073126507462074
30.980707395498396 0.07566032435977048
31.559485530546624 0.07962118243406019
32.09003215434084 0.0866816384165896
32.524115755627015 0.09277836023465907
33.00643086816721 0.10273353646983964
33.4887459807074 0.11375690935802
33.97106109324759 0.12596309706994155
34.453376205787784 0.14429486983993456
34.88745980707396 0.15977634659533427
35.418006430868175 0.17692205798520633
36.09324758842444 0.20267740904171233
36.67202572347267 0.22065195648283376
37.29903536977493 0.24022277061626796
37.7331189710611 0.2527916619949577
38.36012861736335 0.26602785912964594
38.93890675241158 0.27061105150493764
39.56591639871383 0.27064305117144416
40.2411575562701 0.25291125332390096
40.916398713826375 0.2323637727419144
41.49517684887461 0.20288398296093382
42.07395498392284 0.17416308058354
42.50803858520901 0.15466590878849115
42.89389067524116 0.13503866632516748
43.4726688102894 0.11205325093913932
44.19614147909969 0.0868797580737656
44.726688102893895 0.06851220601364223
45.35369774919615 0.05402878490565695
45.9807073954984 0.04260714649591759
46.80064308681673 0.0324798103168253
47.95819935691319 0.02274663366996932
48.48874598070741 0.01952637020383448
49.11575562700965 0.0173410671300094
49.54983922829583 0.01566337431950378
50.03215434083602 0.014390298130490201
50.65916398713827 0.013447362558067942
51.33440514469454 0.012566327876297249
52.154340836012864 0.011944349912943294
53.02250803858522 0.01135326038746214
53.84244372990355 0.011163920726433246
54.56591639871383 0.011165443967095044
55.62700964630226 0.011167678429358818
57.025723472668815 0.010982632397402844
57.55627009646303 0.01098373128115863
58.231511254019296 0.010618500377761315
58.713826366559495 0.010440749621340525
59.34083601286174 0.009923617382141411
59.96784565916399 0.009593550114248547
60.78778135048232 0.0091187115758837
61.55948553054664 0.008521433366594666
62.28295819935692 0.008099512551047794
62.86173633440515 0.007698272191692017
63.585209003215446 0.007193967733559593
64.45337620578779 0.00672288309103621
65.08038585209005 0.006389897461380334
65.70739549839229 0.005971194418133444
66.38263665594856 0.005486071673513089
67.0096463022508 0.005214345539679569
67.73311897106109 0.004872760098631999
68.40836012861736 0.004553510087761476
68.93890675241158 0.004327895169671218
69.56591639871382 0.004044306443976176
70.53054662379421 0.00371593425756203
71.15755627009646 0.003531883353841278
71.68810289389069 0.0034143480422877343
72.55627009646302 0.003190765314852335
73.32797427652734 0.0030328088793926643
74.34083601286174 0.0028342879273776976
75.06430868167203 0.0026939541334761027
75.7395498392283 0.0026043748023094546
76.36655948553054 0.002475379641801129
76.94533762057878 0.002393024814718284
77.71704180064309 0.0022745599223177155
78.58520900321544 0.0021256142656803497
79.30868167202573 0.002054952056031423
80.08038585209005 0.0019532232011073894
80.70739549839229 0.0018252367187910604
81.38263665594856 0.0016487258799677983
81.91318327974277 0.0015147357308882925
82.20257234726688 0.0014153913643879848
82.68488745980707 0.0013003522286703325
83.11897106109325 0.0011745473073924589
83.45659163987139 0.0010975242763653806
83.60128617363345 0.0010255148564104848

