12.942122186495176 0.0009949103700663663
12.942122186495176 0.0013276728762185378
12.942122186495176 0.0018329061268998934
12.942122186495176 0.002573714506230721
12.942122186495176 0.0033767311821295797
12.942122186495176 0.00428243314277845
12.990353697749196 0.005161496328394875
12.990353697749196 0.006327435272888165
12.990353697749196 0.0078895240977717
13.038585209003216 0.010351204177284735
13.038585209003216 0.01247590204445558
13.038585209003216 0.016093002055919004
13.038585209003216 0.02111412968483524
13.038585209003216 0.026777331053707498
13.038585209003216 0.03395950811436172
13.086816720257236 0.04306847006436849
13.086816720257236 0.05370102067782943
13.086816720257236 0.06927039288171721
13.135048231511256 0.09893335928130564
13.135048231511256 0.14371593276709205
13.183279742765276 0.1885580099845643
13.183279742765276 0.2473894095144448
13.327974276527332 0.37178950944570865
13.424437299035372 0.5310020362790729
13.424437299035372 0.6186360908075066
13.520900321543408 0.7583946167628375
13.569131832797428 0.8686948578606966
13.665594855305468 1.0649451488534414
13.810289389067524 1.2835718118756714
13.906752411575564 1.5210312791319895
14.14790996784566 1.8024696869199903
14.292604501607716 2.064656839338768
14.533762057877816 2.286091843822202
14.774919614147912 2.4056167948849736
15.112540192926048 2.40576996329621
15.54662379421222 2.248048208629381
15.884244372990356 2.0652766483601748
16.221864951768488 1.8973648420388645
16.463022508038588 1.77290951255091
16.7524115755627 1.5743932518465613
17.04180064308682 1.4463782543414436
17.475884244372992 1.2844594067244175
17.909967845659164 1.140667016093958
18.29581993569132 1.0129626521329147
18.729903536977492 0.8844248279161081
19.308681672025724 0.7592228342840466
19.935691318327976 0.6629069230316506
20.562700964630228 0.5594919380778531
21.09324758842444 0.4885052391721573
21.67202572347267 0.4338299953950284
22.154340836012864 0.39186189436732216
22.733118971061092 0.34800331746073915
23.167202572347268 0.3197156523983021
23.84244372990354 0.27915868378763314
24.469453376205788 0.25216014753467814
24.903536977491964 0.22776445934298262
25.434083601286176 0.20925429083457375
26.157556270096464 0.18271136646208333
26.784565916398716 0.16786566718517654
27.508038585209004 0.15163347545258732
28.038585209003216 0.13931038874169507
28.520900321543408 0.13240670669542146
29.19614147909968 0.11960222022852936
29.774919614147915 0.1136772664091743
30.305466237942127 0.10622654195804866
30.980707395498396 0.09926686736122882
31.704180064308684 0.09120287573303262
32.524115755627015 0.08522983656949502
32.958199356913184 0.08239202794025297
33.4887459807074 0.079650155770847
33.97106109324759 0.07831683421567202
34.59807073954985 0.07966682021330171
35.08038585209004 0.07967406671050659
35.46623794212219 0.08384199589852313
35.85209003215435 0.08973817625742632
36.2379421221865 0.10106618956221819
36.57556270096464 0.11577148451159695
36.96141479099679 0.13261763002208973
37.29903536977493 0.1419426611369544
37.829581993569136 0.15452951152479596
38.45659163987139 0.1545477845879495
38.89067524115757 0.15195931529701612
39.46945337620579 0.1420007703820372
40.04823151125403 0.13269485157707855
40.627009646302255 0.11784317184844041
41.01286173633441 0.10115723695821788
41.350482315112544 0.08983127378858076
41.59163987138265 0.07842946450659206
41.832797427652736 0.06847482667637197
42.025723472668815 0.0577878675336656
42.411575562700975 0.04634951286814196
42.70096463022509 0.04046698198992515
43.08681672025725 0.034152487709033966
43.520900321543415 0.029316952870770942
43.90675241157557 0.02693366123177319
44.34083601286174 0.023918497407465166
44.77491961414792 0.021604459243737724
45.49839228295821 0.01984941062475356
46.12540192926046 0.017627954327496
46.752411575562704 0.016195644373931277
47.28295819935692 0.015134136762512778
47.86173633440515 0.013904328487291541
48.39228295819937 0.013215404147101392
49.11575562700965 0.011937507495948982
49.7427652733119 0.011155292953768109
50.46623794212219 0.010424523265677606
51.09324758842445 0.00957750788560554
51.67202572347268 0.00894985276445719
52.39549839228296 0.008363558783631802
52.9742765273312 0.00781545894761273
53.69774919614149 0.007303477727477961
54.13183279742766 0.006941482587117785
54.807073954983935 0.006486695495913129
55.43408360128618 0.006061649685527311
56.20578778135049 0.005664609902068837
56.63987138263666 0.005383844856552201
57.36334405144696 0.00494648563484172
57.94212218649518 0.004781918163151292
58.47266881028939 0.004468497936689916
58.90675241157557 0.004319715039586157
59.34083601286174 0.004105609388768907
59.87138263665596 0.003968981411488378
60.209003215434095 0.0038367605972701173
60.54662379421222 0.003708944526208863
60.83601286173634 0.0036467251428347527
61.27009646302252 0.003465976076541467
61.80064308681673 0.0032942457204995696
62.475884244373 0.0031311096063412966
63.05466237942124 0.0029259145803731583
63.585209003215446 0.0028285449202429046
64.06752411575563 0.0026883732147488775
64.64630225080387 0.00255519435639539
65.2250803858521 0.0024701841277296613
65.75562700964632 0.0023477927463767412
66.38263665594856 0.0022315061420482936
66.96141479099678 0.0021209599430397756
67.68488745980707 0.0020159450810545067
68.26366559485531 0.0019488754462578214
68.79421221864952 0.0018840200533112121
69.37299035369776 0.0017906879078938573
70 0.0017607603329053796
70.62700964630226 0.0016453851309914784
71.30225080385853 0.001590672803964742
72.2186495176849 0.0015119690001750637
72.9903536977492 0.0014371201127681803
73.7620578778135 0.0013659765631991757
74.48553054662379 0.0013431715770273879
75.06430868167203 0.0012766324312644525
75.69131832797427 0.0012341706391109956
76.41479099678457 0.0011533216200192203
77.09003215434085 0.0010962073597520381
77.37942122186496 0.001059679175449147
77.52411575562702 0.0010418741021089915

