11.061093247588424 0.00101158157047196
11.109324758842444 0.0012401006843227728
11.109324758842444 0.001627020650346194
11.109324758842444 0.0020634177792717523
11.109324758842444 0.002572825100730634
11.157556270096464 0.0032629342114885284
11.109324758842444 0.00386646818543929
11.205787781350484 0.005616742363373249
11.205787781350484 0.00873234117047855
11.205787781350484 0.011074517107080488
11.254019292604504 0.013808669789401712
11.254019292604504 0.01721769221859291
11.30225080385852 0.020402762024309722
11.30225080385852 0.02417681224097832
11.35048231511254 0.030661760787167463
11.35048231511254 0.04022844161556159
11.39871382636656 0.0484862102391287
11.39871382636656 0.05745506416392538
11.39871382636656 0.06808295352019048
11.44694533762058 0.08205847071152306
11.4951768488746 0.10059570938640439
11.4951768488746 0.12543032668182688
11.54340836012862 0.15639742536663417
11.591639871382636 0.1983479209964932
11.639871382636656 0.25155080188439133
11.688102893890676 0.313655387850721
11.736334405144696 0.4045962123758847
11.784565916398716 0.48764844541290225
11.832797427652736 0.5877489680815258
11.881028938906752 0.7328564614443036
11.977491961414792 0.9294390705067344
12.025723472668812 1.1202267939610504
12.122186495176852 1.3501901565271759
12.218649517684888 1.6273610563596874
12.315112540192928 2.0638870326952246
12.411575562700968 2.4457040145942495
12.556270096463024 2.8981831066706665
12.7491961414791 3.675663320567656
12.89389067524116 4.2823941916977954
13.038585209003216 5.07467887709306
13.183279742765276 6.013543955280936
13.424437299035372 7.126237861814702
13.665594855305468 7.757737888407733
13.954983922829584 8.026030720020069
14.19614147909968 8.026395735760065
14.485530546623796 7.628361179690275
14.774919614147912 7.250065434544028
15.209003215434084 6.548644780091879
15.498392282958203 5.914922930370389
15.739549839228296 5.526940784878502
16.077170418006432 4.908122698772072
16.318327974276528 4.433116227327788
16.607717041800644 3.9367312451914778
16.9935691318328 3.4959910881960603
17.427652733118972 3.001005573663324
17.765273311897108 2.5760565164639546
18.2475884244373 2.287693492960376
18.681672025723472 1.9637867345794517
19.115755627009644 1.7145960328717742
19.64630225080386 1.447088834697328
20.176848874598072 1.242223034586445
20.900321543408364 1.030807926665829
21.479099678456596 0.8848834756591967
22.009646302250804 0.7858370222185209
22.540192926045016 0.6861323217775779
23.311897106109324 0.5890226760961133
23.890675241157556 0.5230971632799403
24.469453376205788 0.4725020778015248
25.04823151125402 0.41961796476155433
25.675241157556272 0.3855230847512813
26.302250803858524 0.3482376281830497
26.881028938906756 0.3254161245814556
27.508038585209004 0.30409297776926386
28.231511254019292 0.284172216258479
28.810289389067528 0.27471792757624375
29.34083601286174 0.2701216824337114
30.016077170418008 0.2701560814503756
30.498392282958203 0.27018065485852577
30.884244372990356 0.27020031519437865
31.31832797427653 0.2748478918392426
32.37942122186496 0.2892626335727622
33.00643086816721 0.29928551821823823
33.77813504823151 0.3096641431627281
34.30868167202573 0.33145028855821823
34.935691318327976 0.34880505938049855
35.321543408360135 0.3733347418882309
35.85209003215435 0.40644042345775333
36.2379421221865 0.4205043678332604
36.623794212218655 0.44250189476694696
36.913183279742775 0.4736121826367225
37.29903536977493 0.5069189141746954
37.68488745980708 0.5518551935812531
38.07073954983924 0.6007748895667556
38.50482315112541 0.6322085222346222
38.9871382636656 0.6540965557119047
39.37299035369776 0.6541441525984111
39.710610932475895 0.6323522963245758
40.09646302250805 0.601004438306919
40.43408360128618 0.5521413763421374
40.77170418006432 0.5072509952302634
41.06109324758843 0.466006068136788
41.350482315112544 0.42090998529857065
41.78456591639872 0.380188289747124
42.17041800643087 0.33762398040656716
42.60450160771705 0.29478187585957377
43.03858520900322 0.2617816966227116
43.37620578778136 0.24049823439179088
43.810289389067535 0.2135749887955835
44.2443729903537 0.1896657410163118
44.726688102893895 0.16843461266762758
45.16077170418007 0.15213910232825756
45.64308681672026 0.13742138044514296
46.028938906752416 0.12412517218620071
46.65594855305467 0.10837850529393259
47.18649517684888 0.09624752209236603
47.813504823151135 0.08403744702941943
48.39228295819937 0.07463167707180848
49.019292604501615 0.06406716205004555
49.54983922829583 0.05886049385948252
50.08038585209004 0.05227214259639062
50.514469453376215 0.04721497989895047
51.09324758842445 0.04193051142470842
51.720257234726695 0.03661115690218776
52.05787781350483 0.034210315100187697
52.58842443729904 0.030901138597708676
53.118971061093255 0.027912059968999287
53.7459807073955 0.025644143875313132
54.2282958199357 0.02396313734763373
54.855305466237944 0.02201607987834369
55.77170418006431 0.019887903369052683
56.44694533762058 0.01890302380946401
57.17041800643087 0.017664709686252854
57.89389067524117 0.016790078811775782
58.56913183279744 0.015958608288274934
59.19614147909969 0.015168175499641725
60.016077170418015 0.014417417521819296
61.07717041800644 0.013473807855001664
62.09003215434085 0.012807379578024075
63.199356913183294 0.011969254610221903
63.9710610932476 0.011571463593347703
64.88745980707397 0.010998927118253475
65.70739549839229 0.010633481072466332
66.67202572347267 0.010107446321083029
67.34726688102894 0.009771353634873428
68.36012861736334 0.00928805251935321
68.9871382636656 0.008979124635391727
69.95176848874598 0.00853493034351038
70.62700964630226 0.008392363301035115
71.39871382636656 0.00797690567212597
72.45980707395499 0.007712218855575315
73.47266881028939 0.007330764646126476
74.48553054662379 0.0069681775508805945
75.2572347266881 0.006736594338392363
75.9807073954984 0.006512648418784539
76.70418006430869 0.0062961471770643564
77.71704180064309 0.006087175318008628
78.92282958199357 0.005688929276815833
80.03215434083602 0.0054076474038620564
80.85209003215435 0.0051399926401235856
81.91318327974277 0.0048035837974683806
82.87781350482315 0.004565952113974538
83.89067524115755 0.004267075001512874
84.80707395498393 0.00398768918142896
85.62700964630226 0.003790316104745825
86.59163987138264 0.0034825663326260602
87.2186495176849 0.003310074184929189
88.08681672025723 0.0030933196522588443
88.71382636655949 0.0029904334236767393
89.43729903536978 0.002747504128794744
90.2090032154341 0.0026114910047410826
90.88424437299037 0.002440393204977462
91.70418006430869 0.002280567496954513
92.52411575562702 0.002131209059899591
93.39228295819936 0.0018609259743508123
94.01929260450162 0.0017687539703279585
94.64630225080387 0.0016528549790519158
95.12861736334405 0.0015445082148704708
95.80385852090032 0.001395145429337216
96.57556270096464 0.0012181888617366272
96.7684887459807 0.0011002829438045514
97.0096463022508 0.0010281112279241073

