20.12951077863653 4.537554684900062
20.542082830239238 3.6709309241811052
21.248579530221768 2.8512117002797366
21.831231957508166 2.462099196338565
22.50583487105671 2.108829220002395
23.437842960952324 1.8062475653902843
24.243932530518578 1.624629911722681
25.247918447005752 1.4259718825496424
26.02809976606906 1.2721780987533182
26.741810321863312 1.1918625484599696
27.289907276100813 1.153626709576397
27.475091371163806 1.3579058399299688
27.849237960128058 1.1442609705755067
28.516296043759937 1.0292058714620942
29.29823485917499 0.9486370410649916
29.797797838891967 0.9182040577415227
30.101615039559565 0.9881006085164191
30.20357426632794 0.8532518696844708
31.031779551013962 0.8125235223460809
32.099044736757634 0.7428370354386519
33.31548019512562 0.6846858795033279
34.46128790171036 0.6259634520713901
35.88839332999736 0.572277383043689
37.2484311301402 0.5361481862082516
38.529503448387906 0.49417715448360644
39.45238028869378 0.47832358304351696
40.534194962693 0.49417715448360644
40.94748005548622 0.6362523688576724
40.94748005548622 0.4554917209374968
41.64567382882249 0.4337496941348326
42.78763030209304 0.4130454814301174
43.960900101982006 0.3965489343412547
44.710475574755186 0.6736137383471381
45.16634186403878 0.38696896339404163
46.09206581884115 0.3807112397954897
47.35594578737248 0.37455471062941215
48.49023773786415 0.3625387163461669
49.65169878418018 0.35378037640608934
50.84097969331893 0.33965080738552644
52.23507854034061 0.3341582716172781
54.031581403125 0.33144540173399895
55.88987076314804 0.33144540173399895
57.228571309966455 0.3341582716172781
58.599337043724496 0.3424308382484287
58.79782284211991 0.3625387163461669
59.5985118938037 0.3480593496066176
60.20617602876527 0.4861857537925682
60.20617602876527 0.32875455633321415
60.82003588387459 0.3079995196530334
62.06659608392634 0.28158378656530403
63.98450463960255 0.26814292265212986
66.63422087069272 0.2638067498486371
68.23027515921383 0.2595406978389208
69.86455889288521 0.25743361205814774
70.10120189007563 0.3130620858738542
71.0558165705201 0.25743361205814774
72.7577790048348 0.2532706208582658
75.00605385233384 0.2532706208582658
77.32380223048533 0.25534363269083676
79.17589841382957 0.24315529237495287
82.17637307183196 0.24315529237495287
85.00263644889898 0.23728105987831843
87.92610251790727 0.23535468936502552
90.64309096139036 0.2392231976719001
92.50090094061946 0.24315529237495287
93.76054721787902 0.22966890662511527
96.98522106158863 0.22412048305766352
100.32079998965256 0.22412048305766352
103.7710983220087 0.22230095692182866
106.97771008841814 0.2187061002906681
111.40785417381426 0.2187061002906681
115.62980112797173 0.21516937653656523
119.20285650504788 0.21693053091781828
120.41824424513351 0.2411812318004492
122.47149070167049 0.21168984558548118
126.68361002460979 0.20997123780149463
130.59823713258913 0.21168984558548118
135.08985681498515 0.2082665825654305
140.6841766940636 0.20997123780149463
145.52267858286922 0.20997123780149463
153.09422902563097 0.2082665825654305
161.0597275228509 0.2082665825654305
170.5894564317184 0.20489867756065036
177.05416793104962 0.20489867756065036
185.01085465119954 0.20657576660327964
192.02208397675545 0.21168984558548118
198.62623262976564 0.2134225201185428
200.65141805799752 0.201585235369738
207.55235239247082 0.201585235369738
216.1474777284085 0.201585235369738
224.33867027952368 0.20323520399530148
234.4202884616176 0.20323520399530148
244.12806453540665 0.20323520399530148
255.96306701383799 0.20657576660327964
264.766315625828 0.20997123780149463
272.0264120592696 0.21168984558548118
280.43225056139903 0.21168984558548118
290.0770592805351 0.20997123780149463
298.03119581232136 0.20997123780149463
304.1396076485589 0.21168984558548118
307.24060339017467 1.34688165716877
309.32547940421847 0.21168984558548118
315.6653775296229 0.8815320757039219
316.7345891904649 0.21168984558548118
325.4196957377004 0.20997123780149463
336.6117419896784 0.20997123780149463
345.84189538625935 0.20997123780149463
355.3251467027782 0.2082665825654305
360.1638455014867 0.28158378656530403
366.3049841984039 0.21516937653656523
375.07889395974235 0.21516937653656523
384.0629605461876 0.21516937653656523
397.27190417930245 0.22049620264135378
409.54793077056206 0.22230095692182866
422.20329661859796 0.22230095692182866
435.24972361653664 0.22595490195601695
435.24972361653664 0.27478118476539487
444.1705500293961 0.22595490195601695
451.74408353889737 0.22780433551366736
464.13125447481076 0.22780433551366736
478.4732896447484 0.23154873919074817
489.93390756601514 0.23728105987831843
499.9755344896447 0.24715201863925992
505.07326580899274 0.26596599955590716
506.7840338051815 0.28621215925822996
508.50059645995714 0.3182078651359455
508.50059645995714 0.3838273489684141
508.50059645995714 0.49417715448360644
510.2229734008019 0.6414600738993139
510.2229734008019 1.2825908353072712
510.2229734008019 2.0411764068544627
515.425187213146 0.9961881800092508
515.425187213146 0.6681449932076551
518.9227640242744 0.48223864608591316
517.1710189061009 0.31562448891194295
518.9227640242744 0.2595406978389208
525.9892803634832 0.2411812318004492
540.4123118181044 0.2451455105713524
551.4885380935482 0.24917494991074665
564.6980516857088 0.2595406978389208
584.1195150932672 0.25743361205814774
604.208934127315 0.2595406978389208
612.4368489564799 0.31562448891194295
612.4368489564799 0.4554917209374968
616.5927283630969 0.356676057334007
620.7768087730859 0.26814292265212986
629.2303393682319 0.2703376637934209
629.2303393682319 0.5317954576036308
637.7989873107289 0.2703376637934209
657.5074973909462 0.2725503688199031
682.4246075581923 0.27703025986718244
715.5076409946154 0.28855479651618504
762.9860307360475 0.2981186655017827
810.8683600874717 0.3130620858738542
833.1029954682855 0.3208123862107096
838.7562731708882 0.3452336235739459
853.0578713762256 0.32608555660877053
891.3936773954434 0.33689334625272827
912.744759211624 0.3424308382484287
918.9384707016638 0.4198346806610326
931.4522669120707 0.3480593496066176
940.9493183995246 0.35090820411538964
947.3344206376905 0.40969216432809497
960.2349033804701 0.356676057334007
996.6242661921619 0.36849773946796077