# Frequency, Network 2F
4.462443216532705037e+01 1.912984620000000007e+02
4.462443256780048984e+01 1.596500240000000019e+02
4.462443297027392930e+01 1.166001509999999968e+02
4.462443337274736876e+01 8.130856319999999471e+01
4.462443377522080823e+01 1.024950259999999957e+02
4.462443417769424769e+01 1.342817839999999876e+02
4.462443458016768716e+01 9.959771729999999934e+01
4.462443498264112662e+01 8.915666199999999719e+01
4.462443538511457319e+01 6.880944060000000206e+01
4.462443578758801266e+01 5.997969059999999786e+01
4.462443216532705037e+01 1.013931050000000056e+02
4.462443256780048984e+01 1.407525630000000092e+02
4.462443297027392930e+01 1.386462400000000059e+02
4.462443337274736876e+01 1.040015559999999937e+02
4.462443377522080823e+01 1.528014369999999928e+02
4.462443417769424769e+01 1.399395749999999907e+02
4.462443458016768716e+01 1.519016269999999906e+02
4.462443498264112662e+01 1.904351200000000119e+02
4.462443538511457319e+01 1.668952179999999998e+02
4.462443578758801266e+01 1.267417140000000018e+02
