# H1 2F, L1 2F
4.927429199218750000e+01 2.867929458618164062e+01
5.800720596313476562e+01 1.926244544982910156e+01
4.599111938476562500e+01 2.748542213439941406e+01
4.942256164550781250e+01 2.621128463745117188e+01
5.088263320922851562e+01 2.830044555664062500e+01
5.825782394409179688e+01 1.937729835510253906e+01
5.113808822631835938e+01 2.029742431640625000e+01
6.353242492675781250e+01 2.802885818481445312e+01
6.008867645263671875e+01 2.914552116394042969e+01
5.572956848144531250e+01 2.887514686584472656e+01
7.543137359619140625e+01 2.691609382629394531e+01
6.934215545654296875e+01 2.541999053955078125e+01
6.795471191406250000e+01 2.130603218078613281e+01
6.535267639160156250e+01 2.322159385681152344e+01
6.286350250244140625e+01 2.165382385253906250e+01
5.324676132202148438e+01 2.315576744079589844e+01
6.022338485717773438e+01 2.059482192993164062e+01
5.819779968261718750e+01 2.238632011413574219e+01
5.933629608154296875e+01 1.894888496398925781e+01
5.407152557373046875e+01 2.190954971313476562e+01
5.565161132812500000e+01 2.181659317016601562e+01
5.411459732055664062e+01 2.264722824096679688e+01
6.009214401245117188e+01 2.216781234741210938e+01
5.249178695678710938e+01 2.303219413757324219e+01
5.168483352661132812e+01 2.324276161193847656e+01
5.145995330810546875e+01 2.386698913574218750e+01
5.916606521606445312e+01 1.603558921813964844e+01
5.285235977172851562e+01 2.247502899169921875e+01
5.949900817871093750e+01 1.585827159881591797e+01
6.198026657104492188e+01 2.475873947143554688e+01
5.800289916992187500e+01 2.328434944152832031e+01
7.557378387451171875e+01 2.346186256408691406e+01
5.755790328979492188e+01 2.628349685668945312e+01
6.092350006103515625e+01 2.841360664367675781e+01
6.035907363891601562e+01 2.743971252441406250e+01
5.817921447753906250e+01 2.120096778869628906e+01
5.704663085937500000e+01 2.588943481445312500e+01
7.349732208251953125e+01 2.441336822509765625e+01
6.596982574462890625e+01 2.320275306701660156e+01
6.366908264160156250e+01 2.367205429077148438e+01
5.856719207763671875e+01 2.590314102172851562e+01
6.564202880859375000e+01 2.693673324584960938e+01
6.626092529296875000e+01 2.339770698547363281e+01
6.037636947631835938e+01 2.840977859497070312e+01
5.221636199951171875e+01 3.008222389221191406e+01
5.516383361816406250e+01 2.425954437255859375e+01
6.417208099365234375e+01 2.080368804931640625e+01
6.013942337036132812e+01 2.827033424377441406e+01
6.223980712890625000e+01 2.138969230651855469e+01
6.180848312377929688e+01 2.212398338317871094e+01
6.387209701538085938e+01 2.060138320922851562e+01
6.004787826538085938e+01 2.390204238891601562e+01
5.124018478393554688e+01 2.927512168884277344e+01
5.367852783203125000e+01 2.332145690917968750e+01
5.522163391113281250e+01 2.398564338684082031e+01
5.873974990844726562e+01 2.486593627929687500e+01
5.115265655517578125e+01 2.652300643920898438e+01
6.194414901733398438e+01 2.113478660583496094e+01
4.569592285156250000e+01 2.905181503295898438e+01
5.045074462890625000e+01 2.786603164672851562e+01
4.815069198608398438e+01 3.018335914611816406e+01
5.870557785034179688e+01 2.638703536987304688e+01
5.764468765258789062e+01 2.586326980590820312e+01
5.611962509155273438e+01 2.774579620361328125e+01
4.638106918334960938e+01 2.576357460021972656e+01
4.839478302001953125e+01 2.896412277221679688e+01
6.016515731811523438e+01 2.488982009887695312e+01
5.913674926757812500e+01 2.303367614746093750e+01
5.889910125732421875e+01 2.211662673950195312e+01
6.025960159301757812e+01 2.010576057434082031e+01
5.580474853515625000e+01 2.626584243774414062e+01
5.688013839721679688e+01 2.289063453674316406e+01
6.055654525756835938e+01 2.567779350280761719e+01
5.868471527099609375e+01 1.959298515319824219e+01
5.883894348144531250e+01 2.172265434265136719e+01
6.896414947509765625e+01 3.076197624206542969e+01
6.971773529052734375e+01 2.792625236511230469e+01
6.730966949462890625e+01 2.413953590393066406e+01
6.948028564453125000e+01 2.817187881469726562e+01
6.613544464111328125e+01 2.480980491638183594e+01
6.925079345703125000e+01 2.291493034362792969e+01
6.399008941650390625e+01 2.374034118652343750e+01
6.711033630371093750e+01 2.357865142822265625e+01
6.316760253906250000e+01 2.243412399291992188e+01
6.463480377197265625e+01 2.821227836608886719e+01
6.513037872314453125e+01 2.232503318786621094e+01
6.597782135009765625e+01 2.028993988037109375e+01
6.515248870849609375e+01 2.113659286499023438e+01
6.454036712646484375e+01 2.160569763183593750e+01
6.076683044433593750e+01 2.166637229919433594e+01
6.034241867065429688e+01 2.635761070251464844e+01
6.322058486938476562e+01 1.958512687683105469e+01
6.521022033691406250e+01 2.188186454772949219e+01
6.128195571899414062e+01 2.310715103149414062e+01
6.384894561767578125e+01 3.020699119567871094e+01
6.486013793945312500e+01 2.480204963684082031e+01
6.357238769531250000e+01 2.255997276306152344e+01
6.311111831665039062e+01 2.367612457275390625e+01
5.758245468139648438e+01 2.218397331237792969e+01
6.308958816528320312e+01 2.448173332214355469e+01
5.672886276245117188e+01 2.246606826782226562e+01
6.297546386718750000e+01 2.365766525268554688e+01
6.127952194213867188e+01 2.536872100830078125e+01
6.129190444946289062e+01 2.422791290283203125e+01
5.866239929199218750e+01 2.427347946166992188e+01
6.165372848510742188e+01 2.370884132385253906e+01
5.748776626586914062e+01 2.273683929443359375e+01
5.852033615112304688e+01 2.161360931396484375e+01
6.236769485473632812e+01 2.291280174255371094e+01
5.992952346801757812e+01 1.934082221984863281e+01
5.712312316894531250e+01 2.141624832153320312e+01
6.109033203125000000e+01 2.786292266845703125e+01
5.767958068847656250e+01 1.989678382873535156e+01
5.627511596679687500e+01 2.570908546447753906e+01
5.834760284423828125e+01 2.190495300292968750e+01
5.977333450317382812e+01 1.861004638671875000e+01
5.873151779174804688e+01 1.896778297424316406e+01
5.936439132690429688e+01 1.732504463195800781e+01
6.399384307861328125e+01 2.141918945312500000e+01
5.986385345458984375e+01 2.239642524719238281e+01
5.833837127685546875e+01 1.987615776062011719e+01
5.899108505249023438e+01 2.155895042419433594e+01
6.051856231689453125e+01 1.716083335876464844e+01
6.263217926025390625e+01 2.257695579528808594e+01
6.023085021972656250e+01 2.230522155761718750e+01
6.067741012573242188e+01 2.061405372619628906e+01
