1.0170390171211696 38359.10371592592
1.2423750915191307 28332.14798128619
1.4925272288269458 21736.22797984256
1.8030190696649635 16998.503552612263
2.1540179340378507 13547.807313790307
2.6606852287859755 9818.570224019688
3.0916608195384137 7387.220558365954
3.693523248473111 5887.6147773509265
4.363960126340354 4346.807397556257
5.1561401257327075 3148.542675370062
6.0245912134867865 2461.251842905756
7.318703877820996 1783.385675409735
8.792243391188368 1394.5746842801614
10.860851860396265 918.6749948865712
12.760723326874631 732.0322198799599
15.67541141768853 500.9610457642524
18.831480920958445 391.7422921280517
21.046849771705297 306.06021395460624
24.455775777801648 234.70995865130976
30.042294649192474 154.60432136009075
35.29852079699859 116.33608836636866
41.706567174693724 82.67264254108584
48.73571325444562 53.393703785929034
56.63249227877279 36.51436412070527
68.41380282323843 28.555531751083674
75.62219915500627 19.516138282064414
86.9005619716336 14.681373541945977
93.42293342791388 10.621742361559797
102.11416699891409 9.1272779273374
117.33383702896332 8.153432777114157
139.3926044809898 7.148714125680927
164.67802880155057 6.51131951766865
186.1055595539811 5.185937303843278
203.45101514808596 3.221156033049209
223.61909831144837 2.7157854485781705
