1.0135129039075923 512.72698481886
1.177572397772755 466.91436137898125
1.3014550544716734 433.1218108787715
1.5121382882513148 386.96286269809616
1.7864523555514162 345.7948652377414
2.1942549318492803 297.5734572618565
2.680193789786782 260.9946824055946
3.29207592951459 216.18405623926736
3.932953739477884 172.29869259833276
4.724636067916885 145.4272467505305
5.90099985045266 111.6247520767943
7.128853079758256 80.8760105677756
8.37581479971387 65.68706321769453
9.786376882378915 53.346995399940184
11.691518780117349 42.517555278386865
13.360529835841778 33.227275229463814
15.437802792382142 28.03163842677614
17.64193591578386 21.085858028631847
20.49748485167201 19.571952789936127
22.655316691892338 15.884158503942091
26.32452110802615 12.415970605919227
30.24751855032796 11.522946459676263
33.99232761546988 10.096036527938303
40.381770921141886 9.373759808411956
50.15174665105849 8.87582244545736
58.92254027448695 7.6338602235079005
67.71092471659566 5.634108179496427
74.84457304440122 3.9248281028445215
87.93296420100832 3.4407099436719286
91.44573521731331 1.9046341131589128
93.52626809771907 1.0744268650022677