0.9935629378919416 401460.4817521587
1.227279747529196 285450.111279587
1.4420322543925277 206747.08579521909
1.713292220570332 149764.3996423368
2.0813352291162235 106464.78596088613
2.4591100865207545 80117.76404396335
2.8574873505597345 58020.035094411265
3.394976591058779 42838.96844813584
4.0561479249022625 29871.32974624879
4.872987697727785 21641.32077938113
5.854433087697303 15091.392707758238
6.878603083600479 11797.929516717584
8.309948104470111 8386.353912236245
9.71013324700781 5846.13326583142
11.665590292076631 4235.433989702335
13.555172950412217 3186.6233401060085
16.285256182230142 2222.1649375054153
19.34920232648516 1520.0924830484455
22.73455568897859 1143.833573843598
27.16160756696085 828.6326464983624
32.81478289646026 545.7102757794448
38.55573082173621 418.54945840126607
44.0617450841081 297.31314237608683
52.34969564867688 219.52052088110756
61.85546886203615 144.52906401156844
73.4903931506268 106.71272437107805
87.31543862999746 75.83917091538574
103.16561647725959 54.93292990759574
119.21442058586375 39.778822506656624
136.23652094736377 29.356406626045242
158.30108314691446 22.946653527408017
178.9153418060792 15.099388903758163
191.2907512143156 9.556869802184426
218.59424326997453 7.759357498465609
237.6461072525861 4.728119357880055
