0.9920172731783535 101.14888306430497
1.1918477160423027 66.6087336240588
1.4722750676948682 43.048643507256806
1.8186835832968054 27.821962781552124
2.184935779352368 20.15658580928035
2.6248966262700955 15.171545593206574
2.9336400738395523 12.314588165176087
3.278758700790114 9.62113502762847
3.705519873402393 7.099328426331369
4.164590517310877 5.339124443057216
4.6807502525318405 3.6497548807401774
4.948445404666116 3.1953688312633446
5.845971697886889 3.0237488768781446
6.945654510261446 2.1903570416629217
8.06988806606294 2.033095573076494