1.0052185568871272 127700.72489220052
1.2909588547819966 84163.449524672
1.8736306855310563 45030.18910875255
2.543860011953334 25491.735748861876
3.551215952763203 13632.314767485728
4.611795608336165 8325.158034140932
6.089878301504113 4894.651087300867
7.908490196262094 3105.476650531541
9.933249866609483 2085.596218168892
12.686409757067574 1322.9600819144248
14.74147971057015 976.5348152711302
18.209300566256125 681.2136196669853
21.99800641361111 503.0768808444232
26.135558853167897 378.6057462904257
32.645027572214914 254.2489435427087
40.54989721858236 170.72656648810027
47.912154227153934 116.77901835806213
55.98717823111022 75.421132347659
66.8912915241875 51.59608810612401
80.35984836847774 39.584161945064054
91.32871215465066 27.062949212633498
97.64133741607507 18.84475701095377
111.57900085072143 15.010971829670781
121.29263853842912 11.071073186814463
132.58639114911017 8.16583574984535
148.1963762558229 5.372552149635128
165.630461080523 4.197464745170067
185.11552259813593 3.2793930698545455
222.40491045653275 2.159551473244208