1.0270002410223174 647319.1364014866
1.2971698901959465 402794.1164768711
1.693972514419045 241348.26533470614
2.139620124538774 147338.76652254703
2.7024582106157693 93448.75638683685
3.356910069003777 60399.289099919406
3.92253280748104 42104.387310009544
4.634709573245943 28799.905719261704
5.568164493854676 20083.37160132515
6.50655248261029 13220.767763661872
7.817294482622608 8541.515585814133
9.083784417494678 6068.652645916655
10.79272941258315 4231.339041405818
12.402595299433715 3063.8463276250386
15.067568325434092 1979.7267584884053
17.50868445193791 1406.5740336581641
20.232210252404165 1038.1822040950597
24.579097056744097 696.940179712053
28.244845704741536 524.286053258139
34.50375255526949 365.6822520222813
39.65003852221034 269.8887989684294
48.16928605666466 177.75218964023173
55.35329671537885 133.71735003565513
65.40386790881625 89.73454212061387
76.84981766527586 62.55833519461429
90.29885638292718 43.61247307710602
103.1931817456253 31.57692687382794
121.25018506185516 22.87067810297092
135.5192658325532 16.554579812806356
148.15133020249652 10.08813390887229
162.84506070715267 7.730995345321823
171.22350539101484 5.382212138607681
195.66634544217086 4.206174200325854