6.309573e-14 0.100000
6.456542e-14 0.139950
6.606934e-14 0.139950
6.760830e-14 0.219850
6.918310e-14 0.219850
7.079458e-14 0.259800
7.244360e-14 0.299750
7.413102e-14 0.299750
7.585776e-14 0.299750
7.762471e-14 0.379650
7.943282e-14 0.419600
8.128305e-14 0.779150
8.317638e-14 0.859050
8.511380e-14 0.938950
8.709636e-14 1.298500
8.912509e-14 1.418350
9.120108e-14 1.418350
9.332543e-14 1.578150
9.549926e-14 1.737950
9.772372e-14 1.977650
1.000000e-13 3.296000
1.023293e-13 3.615600
1.047129e-13 3.975150
1.071519e-13 4.614350
1.096478e-13 3.296000
1.122018e-13 4.933950
1.148154e-13 5.453300
1.174898e-13 7.370900
1.202264e-13 7.930200
1.230269e-13 8.649300
1.258925e-13 9.568150
1.288250e-13 12.364650
1.318257e-13 12.963900
1.348963e-13 15.320950
1.380384e-13 16.479500
1.412538e-13 11.685500
1.445440e-13 17.158650
1.479108e-13 21.473250
1.513561e-13 23.151150
1.548817e-13 23.590600
1.584893e-13 18.037550
1.621810e-13 19.116200
1.659587e-13 27.226050
1.698244e-13 29.902700
1.737801e-13 32.499450
1.778279e-13 33.018800
1.819701e-13 34.177350
1.862087e-13 33.697950
1.905461e-13 21.712950
1.949845e-13 21.353400
1.995262e-13 33.018800
2.041738e-13 38.132400
2.089296e-13 36.654250
2.137962e-13 33.418300
2.187762e-13 34.217300
2.238721e-13 30.861500
2.290868e-13 29.702950
2.344229e-13 28.903950
2.398833e-13 28.065000
2.454709e-13 24.988850
2.511886e-13 24.309700
2.570396e-13 25.028800
2.630268e-13 25.188600
2.691535e-13 24.908950
2.754229e-13 21.513200
2.818383e-13 23.031300
2.884032e-13 21.712950
2.951209e-13 21.273500
3.019952e-13 20.394600
3.090295e-13 18.836550
3.162278e-13 18.157400
3.235937e-13 18.117450
3.311311e-13 17.598100
3.388442e-13 16.639300
3.467369e-13 15.840300
3.548134e-13 14.881500
3.630781e-13 14.442050
3.715352e-13 12.963900
3.801894e-13 13.842800
3.890451e-13 13.483250
3.981072e-13 13.043800
4.073803e-13 12.404600
4.168694e-13 11.765400
4.265795e-13 11.725450
4.365158e-13 11.126200
4.466836e-13 10.367150
4.570882e-13 9.568150
4.677351e-13 9.248550
4.786301e-13 9.368400
4.897788e-13 9.008850
5.011872e-13 8.649300
5.128614e-13 8.409600
5.248075e-13 7.970150
5.370318e-13 7.610600
5.495409e-13 7.930200
5.623413e-13 7.410850
5.754399e-13 7.410850
5.888437e-13 7.171150
6.025596e-13 7.650550
6.165950e-13 7.650550
6.309573e-13 7.650550
6.456542e-13 7.890250
6.606934e-13 7.690500
6.760830e-13 7.530700
6.918310e-13 7.490750
7.079458e-13 7.570650
7.244360e-13 7.211100
7.413102e-13 7.211100
7.585776e-13 7.530700
7.762471e-13 7.370900
7.943282e-13 7.251050
8.128305e-13 7.490750
8.317638e-13 7.091250
8.511380e-13 6.971400
8.709636e-13 6.931450
8.912509e-13 6.931450
9.120108e-13 7.011350
9.332543e-13 6.611850
9.549926e-13 6.332200
9.772372e-13 5.613100
1.000000e-12 5.453300
1.023293e-12 6.092500
1.047129e-12 5.852800
1.071519e-12 5.573150
1.096478e-12 5.533200
1.122018e-12 5.533200
1.148154e-12 5.213600
1.174898e-12 4.774150
1.202264e-12 5.093750
1.230269e-12 4.814100
1.258925e-12 4.894000
