1.174898e-13 0.100000
1.202264e-13 0.119900
1.230269e-13 0.139800
1.258925e-13 0.149750
1.288250e-13 0.209450
1.318257e-13 0.229350
1.348963e-13 0.279100
1.380384e-13 0.308950
1.412538e-13 0.229350
1.445440e-13 0.338800
1.479108e-13 0.458200
1.513561e-13 0.517900
1.548817e-13 0.547750
1.584893e-13 0.458200
1.621810e-13 0.507950
1.659587e-13 0.816400
1.698244e-13 0.985550
1.737801e-13 1.114900
1.778279e-13 1.214400
1.819701e-13 1.313900
1.862087e-13 1.373600
1.905461e-13 1.015400
1.949845e-13 1.124850
1.995262e-13 1.930800
2.041738e-13 2.408400
2.089296e-13 2.647200
2.137962e-13 2.756650
2.187762e-13 3.154650
2.238721e-13 3.264100
2.290868e-13 3.413350
2.344229e-13 3.721800
2.398833e-13 4.249150
2.454709e-13 4.318800
2.511886e-13 4.716800
2.570396e-13 5.652100
2.630268e-13 6.278950
2.691535e-13 6.925700
2.754229e-13 6.766500
2.818383e-13 7.811250
2.884032e-13 8.020200
2.951209e-13 8.796300
3.019952e-13 9.194300
3.090295e-13 9.681850
3.162278e-13 9.900750
3.235937e-13 10.885800
3.311311e-13 11.542500
3.388442e-13 11.701700
3.467369e-13 12.020100
3.548134e-13 12.318600
3.630781e-13 12.378300
3.715352e-13 11.701700
3.801894e-13 12.169350
3.890451e-13 12.467850
3.981072e-13 12.477800
4.073803e-13 12.020100
4.168694e-13 11.462900
4.265795e-13 11.303700
4.365158e-13 11.224100
4.466836e-13 10.696750
4.570882e-13 10.099750
4.677351e-13 9.393300
4.786301e-13 9.164450
4.897788e-13 8.836100
5.011872e-13 8.249050
5.128614e-13 8.020200
5.248075e-13 7.781400
5.370318e-13 7.443100
5.495409e-13 7.831150
5.623413e-13 7.244100
5.754399e-13 7.174450
5.888437e-13 7.184400
6.025596e-13 7.632150
6.165950e-13 7.781400
6.309573e-13 7.642100
6.456542e-13 7.980400
6.606934e-13 7.861000
6.760830e-13 7.910750
6.918310e-13 7.950550
7.079458e-13 8.050050
7.244360e-13 7.612250
7.413102e-13 7.472950
7.585776e-13 7.741600
7.762471e-13 7.552550
7.943282e-13 7.562500
8.128305e-13 7.761500
8.317638e-13 7.383400
8.511380e-13 7.393350
8.709636e-13 7.373450
8.912509e-13 7.214250
9.120108e-13 7.134650
9.332543e-13 6.726700
9.549926e-13 6.408300
9.772372e-13 5.711800
1.000000e-12 5.652100
1.023293e-12 6.288900
1.047129e-12 6.129700
1.071519e-12 5.831200
1.096478e-12 5.721750
1.122018e-12 5.771500
1.148154e-12 5.373500
1.174898e-12 4.965550
1.202264e-12 5.244150
1.230269e-12 4.925750
1.258925e-12 4.985450
