1.148154e-13 0.149950
1.174898e-13 0.199900
1.202264e-13 0.249850
1.230269e-13 0.249850
1.258925e-13 0.299800
1.288250e-13 0.399700
1.318257e-13 0.449650
1.348963e-13 0.549550
1.380384e-13 0.599500
1.412538e-13 0.449650
1.445440e-13 0.699400
1.479108e-13 0.899200
1.513561e-13 1.049050
1.548817e-13 1.148950
1.584893e-13 0.949150
1.621810e-13 1.049050
1.659587e-13 1.698400
1.698244e-13 1.898200
1.737801e-13 2.347750
1.778279e-13 2.597500
1.819701e-13 2.897200
1.862087e-13 3.146950
1.905461e-13 2.347750
1.949845e-13 2.647450
1.995262e-13 4.645450
2.041738e-13 5.844250
2.089296e-13 6.493600
2.137962e-13 6.943150
2.187762e-13 8.191900
2.238721e-13 8.941150
2.290868e-13 9.740350
2.344229e-13 10.689400
2.398833e-13 12.587500
2.454709e-13 13.136950
2.511886e-13 14.036050
2.570396e-13 17.182900
2.630268e-13 19.430650
2.691535e-13 21.678400
2.754229e-13 22.327750
2.818383e-13 25.874200
2.884032e-13 27.672400
2.951209e-13 30.469600
3.019952e-13 32.267800
3.090295e-13 34.615450
3.162278e-13 37.712350
3.235937e-13 42.657400
3.311311e-13 46.054000
3.388442e-13 48.601450
3.467369e-13 51.798250
3.548134e-13 55.694350
3.630781e-13 59.640400
3.715352e-13 60.289750
3.801894e-13 68.331700
3.890451e-13 72.377650
3.981072e-13 75.324700
4.073803e-13 77.672350
4.168694e-13 79.270750
4.265795e-13 83.516500
4.365158e-13 80.319700
4.466836e-13 74.625400
4.570882e-13 67.432600
4.677351e-13 64.585450
4.786301e-13 64.335700
4.897788e-13 61.938100
5.011872e-13 56.443600
5.128614e-13 55.045000
5.248075e-13 54.095950
5.370318e-13 51.598450
5.495409e-13 52.547500
5.623413e-13 46.853200
5.754399e-13 44.555500
5.888437e-13 42.058000
6.025596e-13 42.058000
6.165950e-13 40.559500
6.309573e-13 37.712350
6.456542e-13 38.111950
6.606934e-13 35.614450
6.760830e-13 34.165900
6.918310e-13 32.467600
7.079458e-13 32.018050
7.244360e-13 29.520550
7.413102e-13 26.923150
7.585776e-13 27.372700
7.762471e-13 25.274800
7.943282e-13 24.076000
8.128305e-13 23.476600
8.317638e-13 21.628450
8.511380e-13 20.429650
8.709636e-13 20.080000
8.912509e-13 19.580500
9.120108e-13 19.430650
9.332543e-13 18.781300
9.549926e-13 18.032050
9.772372e-13 16.533550
1.000000e-12 16.233850
1.023293e-12 18.681400
1.047129e-12 18.681400
1.071519e-12 18.531550
1.096478e-12 18.931150
1.122018e-12 19.730350
1.148154e-12 18.831250
1.174898e-12 17.682400
1.202264e-12 19.330750
1.230269e-12 19.031050
1.258925e-12 19.530550
