6.760830e-14 0.119900
6.918310e-14 0.139800
7.079458e-14 0.149750
7.244360e-14 0.169650
7.413102e-14 0.159700
7.585776e-14 0.179600
7.762471e-14 0.199500
7.943282e-14 0.229350
8.128305e-14 0.428350
8.317638e-14 0.478100
8.511380e-14 0.527850
8.709636e-14 0.677100
8.912509e-14 0.746750
9.120108e-14 0.746750
9.332543e-14 0.836300
9.549926e-14 0.905950
9.772372e-14 0.985550
1.000000e-13 1.612400
1.023293e-13 1.751700
1.047129e-13 1.940750
1.071519e-13 2.269100
1.096478e-13 1.622350
1.122018e-13 2.507900
1.148154e-13 2.716850
1.174898e-13 3.552650
1.202264e-13 3.900900
1.230269e-13 4.070050
1.258925e-13 4.298900
1.288250e-13 5.283950
1.318257e-13 5.801350
1.348963e-13 6.587400
1.380384e-13 6.975450
1.412538e-13 4.935700
1.445440e-13 6.935650
1.479108e-13 8.517700
1.513561e-13 9.005250
1.548817e-13 9.094800
1.584893e-13 6.816250
1.621810e-13 6.895850
1.659587e-13 9.970400
1.698244e-13 11.035050
1.737801e-13 11.572350
1.778279e-13 11.313650
1.819701e-13 11.214150
1.862087e-13 10.318650
1.905461e-13 6.458050
1.949845e-13 6.408300
1.995262e-13 9.572400
2.041738e-13 10.249000
2.089296e-13 9.791300
2.137962e-13 8.726650
2.187762e-13 8.806250
2.238721e-13 8.278900
2.290868e-13 7.701800
2.344229e-13 7.164500
2.398833e-13 7.443100
2.454709e-13 6.547600
2.511886e-13 6.458050
2.570396e-13 6.925700
2.630268e-13 6.746600
2.691535e-13 6.657050
2.754229e-13 6.020250
2.818383e-13 6.179450
2.884032e-13 5.801350
2.951209e-13 5.642150
3.019952e-13 5.393400
3.090295e-13 4.995400
3.162278e-13 4.796400
3.235937e-13 4.587450
3.311311e-13 4.607350
3.388442e-13 4.269050
3.467369e-13 4.050150
3.548134e-13 4.000400
3.630781e-13 3.751650
3.715352e-13 3.463100
3.801894e-13 3.562600
3.890451e-13 3.592450
3.981072e-13 3.443200
4.073803e-13 3.284000
4.168694e-13 3.214350
4.265795e-13 3.234250
4.365158e-13 3.313850
4.466836e-13 3.293950
4.570882e-13 3.234250
4.677351e-13 3.254150
4.786301e-13 3.483000
4.897788e-13 3.602400
5.011872e-13 3.622300
5.128614e-13 3.602400
5.248075e-13 3.642200
5.370318e-13 3.721800
5.495409e-13 3.861100
5.623413e-13 3.592450
5.754399e-13 3.353650
5.888437e-13 3.691950
6.025596e-13 3.562600
6.165950e-13 3.612350
6.309573e-13 3.532750
6.456542e-13 3.612350
6.606934e-13 3.532750
6.760830e-13 3.473050
6.918310e-13 3.214350
7.079458e-13 3.393450
7.244360e-13 3.224300
7.413102e-13 3.055150
7.585776e-13 3.134750
7.762471e-13 3.075050
7.943282e-13 2.945700
8.128305e-13 2.965600
8.317638e-13 2.846200
8.511380e-13 2.736750
8.709636e-13 2.677050
8.912509e-13 2.677050
9.120108e-13 2.577550
9.332543e-13 2.507900
9.549926e-13 2.398450
9.772372e-13 2.199450
1.000000e-12 2.139750
1.023293e-12 2.279050
1.047129e-12 2.189500
1.071519e-12 2.070100
1.096478e-12 2.030300
1.122018e-12 1.970600
1.148154e-12 1.920850
1.174898e-12 1.721850
1.202264e-12 1.811400
1.230269e-12 1.701950
1.258925e-12 1.711900
