6.309573e-14 0.149950
6.456542e-14 0.149950
6.606934e-14 0.199900
6.760830e-14 0.249850
6.918310e-14 0.299800
7.079458e-14 0.349750
7.244360e-14 0.399700
7.413102e-14 0.349750
7.585776e-14 0.399700
7.762471e-14 0.449650
7.943282e-14 0.499600
8.128305e-14 0.949150
8.317638e-14 1.099000
8.511380e-14 1.248850
8.709636e-14 1.698400
8.912509e-14 1.898200
9.120108e-14 1.898200
9.332543e-14 2.098000
9.549926e-14 2.397700
9.772372e-14 2.597500
1.000000e-13 4.445650
1.023293e-13 4.945150
1.047129e-13 5.594500
1.071519e-13 6.443650
1.096478e-13 4.645450
1.122018e-13 7.492600
1.148154e-13 8.141950
1.174898e-13 11.288800
1.202264e-13 11.988100
1.230269e-13 13.037050
1.258925e-13 14.036050
1.288250e-13 18.631450
1.318257e-13 20.229850
1.348963e-13 24.175900
1.380384e-13 26.523550
1.412538e-13 19.580500
1.445440e-13 28.072000
1.479108e-13 35.564500
1.513561e-13 37.912150
1.548817e-13 40.259800
1.584893e-13 30.269800
1.621810e-13 33.017050
1.659587e-13 50.499550
1.698244e-13 55.544500
1.737801e-13 66.233800
1.778279e-13 66.083950
1.819701e-13 69.031000
1.862087e-13 69.630400
1.905461e-13 70.929100
1.949845e-13 48.301750
1.995262e-13 75.874150
2.041738e-13 88.711300
2.089296e-13 94.055950
2.137962e-13 91.108900
2.187762e-13 91.608400
2.238721e-13 87.112900
2.290868e-13 84.565450
2.344229e-13 80.569450
2.398833e-13 81.618400
2.454709e-13 72.427600
2.511886e-13 72.727300
2.570396e-13 78.421600
2.630268e-13 74.225800
2.691535e-13 77.023000
2.754229e-13 65.934100
2.818383e-13 69.180850
2.884032e-13 63.986050
2.951209e-13 62.787250
3.019952e-13 63.636400
3.090295e-13 57.342700
3.162278e-13 57.242800
3.235937e-13 55.494550
3.311311e-13 55.894150
3.388442e-13 51.398650
3.467369e-13 47.902150
3.548134e-13 46.403650
3.630781e-13 45.404650
3.715352e-13 40.909150
3.801894e-13 41.608450
3.890451e-13 40.259800
3.981072e-13 38.111950
4.073803e-13 35.514550
4.168694e-13 33.616450
4.265795e-13 32.467600
4.365158e-13 32.517550
4.466836e-13 30.319750
4.570882e-13 27.622450
4.677351e-13 26.323750
4.786301e-13 25.874200
4.897788e-13 25.874200
5.011872e-13 24.875200
5.128614e-13 23.476600
5.248075e-13 22.777300
5.370318e-13 21.428650
5.495409e-13 21.428650
5.623413e-13 19.830250
5.754399e-13 18.831250
5.888437e-13 17.782300
6.025596e-13 17.232850
6.165950e-13 16.733350
6.309573e-13 15.734350
6.456542e-13 15.584500
6.606934e-13 14.985100
6.760830e-13 14.535550
6.918310e-13 13.886200
7.079458e-13 14.335750
7.244360e-13 13.886200
7.413102e-13 13.636450
7.585776e-13 13.836250
7.762471e-13 13.586500
7.943282e-13 13.786300
8.128305e-13 14.735350
8.317638e-13 14.185900
8.511380e-13 14.385700
8.709636e-13 14.535550
8.912509e-13 14.685400
9.120108e-13 15.085000
9.332543e-13 14.485600
9.549926e-13 14.086000
9.772372e-13 12.687400
1.000000e-12 12.537550
1.023293e-12 13.886200
1.047129e-12 13.936150
1.071519e-12 13.486600
1.096478e-12 13.686400
1.122018e-12 14.036050
1.148154e-12 13.336750
1.174898e-12 12.437650
1.202264e-12 13.436650
1.230269e-12 12.937150
1.258925e-12 12.987100
