1.258925e-13 0.100000
1.288250e-13 0.129700
1.318257e-13 0.144550
1.348963e-13 0.169300
1.380384e-13 0.189100
1.412538e-13 0.139600
1.445440e-13 0.203950
1.479108e-13 0.273250
1.513561e-13 0.298000
1.548817e-13 0.307900
1.584893e-13 0.253450
1.621810e-13 0.288100
1.659587e-13 0.446500
1.698244e-13 0.525700
1.737801e-13 0.599950
1.778279e-13 0.644500
1.819701e-13 0.728650
1.862087e-13 0.768250
1.905461e-13 0.550450
1.949845e-13 0.614800
1.995262e-13 1.035550
2.041738e-13 1.233550
2.089296e-13 1.357300
2.137962e-13 1.401850
2.187762e-13 1.624600
2.238721e-13 1.698850
2.290868e-13 1.787950
2.344229e-13 1.891900
2.398833e-13 2.174050
2.454709e-13 2.179000
2.511886e-13 2.287900
2.570396e-13 2.634400
2.630268e-13 2.817550
2.691535e-13 3.045250
2.754229e-13 2.951200
2.818383e-13 3.297700
2.884032e-13 3.292750
2.951209e-13 3.540250
3.019952e-13 3.659050
3.090295e-13 3.609550
3.162278e-13 3.738250
3.235937e-13 4.005550
3.311311e-13 4.069900
3.388442e-13 4.010500
3.467369e-13 3.896650
3.548134e-13 3.896650
3.630781e-13 3.817450
3.715352e-13 3.461050
3.801894e-13 3.545200
3.890451e-13 3.475900
3.981072e-13 3.322450
4.073803e-13 3.233350
4.168694e-13 3.074950
4.265795e-13 3.089800
4.365158e-13 3.074950
4.466836e-13 2.990800
4.570882e-13 2.985850
4.677351e-13 2.975950
4.786301e-13 3.144250
4.897788e-13 3.253150
5.011872e-13 3.228400
5.128614e-13 3.198700
5.248075e-13 3.312550
5.370318e-13 3.381850
5.495409e-13 3.456100
5.623413e-13 3.258100
5.754399e-13 3.000700
5.888437e-13 3.371950
6.025596e-13 3.263050
6.165950e-13 3.391750
6.309573e-13 3.282850
6.456542e-13 3.367000
6.606934e-13 3.337300
6.760830e-13 3.327400
6.918310e-13 3.094750
7.079458e-13 3.337300
7.244360e-13 3.193750
7.413102e-13 3.079900
7.585776e-13 3.139300
7.762471e-13 3.114550
7.943282e-13 2.966050
8.128305e-13 3.020500
8.317638e-13 2.852200
8.511380e-13 2.777950
8.709636e-13 2.693800
8.912509e-13 2.644300
9.120108e-13 2.575000
9.332543e-13 2.480950
9.549926e-13 2.401750
9.772372e-13 2.193850
1.000000e-12 2.159200
1.023293e-12 2.317600
1.047129e-12 2.213650
1.071519e-12 2.094850
1.096478e-12 2.055250
1.122018e-12 2.005750
1.148154e-12 1.941400
1.174898e-12 1.723600
1.202264e-12 1.817650
1.230269e-12 1.708750
1.258925e-12 1.693900
