7.079458e-14 0.100000
7.244360e-14 0.109900
7.413102e-14 0.100000
7.585776e-14 0.114850
7.762471e-14 0.124750
7.943282e-14 0.134650
8.128305e-14 0.253450
8.317638e-14 0.278200
8.511380e-14 0.293050
8.709636e-14 0.382150
8.912509e-14 0.421750
9.120108e-14 0.406900
9.332543e-14 0.436600
9.549926e-14 0.471250
9.772372e-14 0.505900
1.000000e-13 0.817750
1.023293e-13 0.867250
1.047129e-13 0.926650
1.071519e-13 1.075150
1.096478e-13 0.708850
1.122018e-13 1.065250
1.148154e-13 1.144450
1.174898e-13 1.495900
1.202264e-13 1.604800
1.230269e-13 1.688950
1.258925e-13 1.778050
1.288250e-13 2.218600
1.318257e-13 2.312650
1.348963e-13 2.545300
1.380384e-13 2.688850
1.412538e-13 1.817650
1.445440e-13 2.367100
1.479108e-13 2.857150
1.513561e-13 2.936350
1.548817e-13 2.782900
1.584893e-13 2.020600
1.621810e-13 2.005750
1.659587e-13 2.822500
1.698244e-13 2.891800
1.737801e-13 2.847250
1.778279e-13 2.589850
1.819701e-13 2.416600
1.862087e-13 2.273050
1.905461e-13 1.456300
1.949845e-13 1.411750
1.995262e-13 2.183950
2.041738e-13 2.357200
2.089296e-13 2.164150
2.137962e-13 2.080000
2.187762e-13 2.070100
2.238721e-13 1.985950
2.290868e-13 2.084950
2.344229e-13 1.807750
2.398833e-13 1.817650
2.454709e-13 1.614700
2.511886e-13 1.619650
2.570396e-13 1.619650
2.630268e-13 1.580050
2.691535e-13 1.555300
2.754229e-13 1.416700
2.818383e-13 1.441450
2.884032e-13 1.357300
2.951209e-13 1.317700
3.019952e-13 1.292950
3.090295e-13 1.213750
3.162278e-13 1.248400
3.235937e-13 1.169200
3.311311e-13 1.193950
3.388442e-13 1.193950
3.467369e-13 1.144450
3.548134e-13 1.228600
3.630781e-13 1.238500
3.715352e-13 1.174150
3.801894e-13 1.253350
3.890451e-13 1.292950
3.981072e-13 1.332550
4.073803e-13 1.332550
4.168694e-13 1.322650
4.265795e-13 1.357300
4.365158e-13 1.377100
4.466836e-13 1.352350
4.570882e-13 1.342450
4.677351e-13 1.327600
4.786301e-13 1.396900
4.897788e-13 1.406800
5.011872e-13 1.401850
5.128614e-13 1.377100
5.248075e-13 1.396900
5.370318e-13 1.426600
5.495409e-13 1.456300
5.623413e-13 1.357300
5.754399e-13 1.253350
5.888437e-13 1.372150
6.025596e-13 1.317700
6.165950e-13 1.327600
6.309573e-13 1.372150
6.456542e-13 1.327600
6.606934e-13 1.302850
6.760830e-13 1.189000
6.918310e-13 1.189000
7.079458e-13 1.193950
7.244360e-13 1.198900
7.413102e-13 1.159300
7.585776e-13 1.139500
7.762471e-13 1.134550
7.943282e-13 1.094950
8.128305e-13 1.085050
8.317638e-13 1.030600
8.511380e-13 0.981100
8.709636e-13 0.971200
8.912509e-13 0.931600
9.120108e-13 0.892000
9.332543e-13 0.872200
9.549926e-13 0.822700
9.772372e-13 0.743500
1.000000e-12 0.723700
1.023293e-12 0.768250
1.047129e-12 0.738550
1.071519e-12 0.689050
1.096478e-12 0.669250
1.122018e-12 0.649450
1.148154e-12 0.629650
1.174898e-12 0.555400
1.202264e-12 0.585100
1.230269e-12 0.550450
1.258925e-12 0.550450
