1.318257e-13 0.100000
1.348963e-13 0.119600
1.380384e-13 0.129400
1.445440e-13 0.139200
1.479108e-13 0.180850
1.513561e-13 0.200450
1.548817e-13 0.210250
1.584893e-13 0.168600
1.621810e-13 0.183300
1.659587e-13 0.286200
1.698244e-13 0.332750
1.737801e-13 0.371950
1.778279e-13 0.381750
1.819701e-13 0.406250
1.862087e-13 0.413600
1.905461e-13 0.291100
1.949845e-13 0.310700
1.995262e-13 0.518950
2.041738e-13 0.609600
2.089296e-13 0.643900
2.137962e-13 0.636550
2.187762e-13 0.692900
2.238721e-13 0.700250
2.290868e-13 0.719850
2.344229e-13 0.768850
2.398833e-13 0.857050
2.454709e-13 0.842350
2.511886e-13 0.871750
2.570396e-13 1.001600
2.630268e-13 1.057950
2.691535e-13 1.121650
2.754229e-13 1.031000
2.818383e-13 1.153500
2.884032e-13 1.114300
2.951209e-13 1.146150
3.019952e-13 1.175550
3.090295e-13 1.141250
3.162278e-13 1.148600
3.235937e-13 1.209850
3.311311e-13 1.234350
3.388442e-13 1.195150
3.467369e-13 1.224550
3.548134e-13 1.268650
3.630781e-13 1.312750
3.715352e-13 1.253950
3.801894e-13 1.374000
3.890451e-13 1.405850
3.981072e-13 1.449950
4.073803e-13 1.447500
4.168694e-13 1.447500
4.265795e-13 1.494050
4.365158e-13 1.545500
4.466836e-13 1.538150
4.570882e-13 1.501400
4.677351e-13 1.481800
4.786301e-13 1.540600
4.897788e-13 1.557750
5.011872e-13 1.501400
5.128614e-13 1.467100
5.248075e-13 1.464650
5.370318e-13 1.462200
5.495409e-13 1.474450
5.623413e-13 1.359300
5.754399e-13 1.239250
5.888437e-13 1.361750
6.025596e-13 1.332350
6.165950e-13 1.315200
6.309573e-13 1.347050
6.456542e-13 1.295600
6.606934e-13 1.271100
6.760830e-13 1.151050
6.918310e-13 1.143700
7.079458e-13 1.148600
7.244360e-13 1.170650
7.413102e-13 1.133900
7.585776e-13 1.119200
7.762471e-13 1.111850
7.943282e-13 1.075100
8.128305e-13 1.062850
8.317638e-13 0.996700
8.511380e-13 0.952600
8.709636e-13 0.928100
8.912509e-13 0.918300
9.120108e-13 0.881550
9.332543e-13 0.866850
9.549926e-13 0.825200
9.772372e-13 0.741900
1.000000e-12 0.717400
1.023293e-12 0.768850
1.047129e-12 0.737000
1.071519e-12 0.695350
1.096478e-12 0.685550
1.122018e-12 0.663500
1.148154e-12 0.639000
1.174898e-12 0.560600
1.202264e-12 0.582650
1.230269e-12 0.550800
1.258925e-12 0.550800
