1.122018e-13 0.100000
1.148154e-13 0.100000
1.174898e-13 0.149900
1.202264e-13 0.174850
1.230269e-13 0.199800
1.258925e-13 0.224750
1.288250e-13 0.299600
1.318257e-13 0.324550
1.348963e-13 0.399400
1.380384e-13 0.449300
1.412538e-13 0.324550
1.445440e-13 0.499200
1.479108e-13 0.648900
1.513561e-13 0.748700
1.548817e-13 0.773650
1.584893e-13 0.648900
1.621810e-13 0.723750
1.659587e-13 1.172850
1.698244e-13 1.422350
1.737801e-13 1.646900
1.778279e-13 1.771650
1.819701e-13 2.021150
1.862087e-13 2.120950
1.905461e-13 1.522150
1.949845e-13 1.721750
1.995262e-13 3.044100
2.041738e-13 3.692800
2.089296e-13 4.092000
2.137962e-13 4.341500
2.187762e-13 5.139900
2.238721e-13 5.464250
2.290868e-13 5.813550
2.344229e-13 6.462250
2.398833e-13 7.460250
2.454709e-13 7.460250
2.511886e-13 8.233700
2.570396e-13 9.755650
2.630268e-13 10.953250
2.691535e-13 12.350450
2.754229e-13 12.525100
2.818383e-13 14.820500
2.884032e-13 15.269600
2.951209e-13 16.966200
3.019952e-13 18.587950
3.090295e-13 19.161800
3.162278e-13 20.434250
3.235937e-13 22.604900
3.311311e-13 24.301500
3.388442e-13 25.274550
3.467369e-13 26.497100
3.548134e-13 28.143800
3.630781e-13 29.416250
3.715352e-13 29.017050
3.801894e-13 31.736600
3.890451e-13 33.557950
3.981072e-13 34.655750
4.073803e-13 35.279500
4.168694e-13 35.204650
4.265795e-13 34.131800
4.365158e-13 33.483100
4.466836e-13 31.087900
4.570882e-13 29.640800
4.677351e-13 28.293500
4.786301e-13 28.268550
4.897788e-13 27.170750
5.011872e-13 25.723650
5.128614e-13 24.451200
5.248075e-13 22.854400
5.370318e-13 21.058000
5.495409e-13 21.482150
5.623413e-13 19.585950
5.754399e-13 18.587950
5.888437e-13 17.240650
6.025596e-13 17.515100
6.165950e-13 16.641850
6.309573e-13 15.818500
6.456542e-13 15.718700
6.606934e-13 14.845450
6.760830e-13 14.022100
6.918310e-13 13.548050
7.079458e-13 13.697750
7.244360e-13 12.974200
7.413102e-13 12.599950
7.585776e-13 13.198750
7.762471e-13 13.098950
7.943282e-13 13.173800
8.128305e-13 13.922300
8.317638e-13 13.597950
8.511380e-13 13.747650
8.709636e-13 13.997150
8.912509e-13 14.246650
9.120108e-13 14.720700
9.332543e-13 14.246650
9.549926e-13 13.997150
9.772372e-13 12.550050
1.000000e-12 12.500150
1.023293e-12 14.296550
1.047129e-12 14.321500
1.071519e-12 13.747650
1.096478e-12 13.847450
1.122018e-12 13.847450
1.148154e-12 13.223700
1.174898e-12 12.275600
1.202264e-12 13.323500
1.230269e-12 12.824500
1.258925e-12 13.049050
