21.500000 2.762487e-24 2.405467e-24
22.500000 2.220329e-24 1.838275e-24
23.500000 1.382125e-24 1.342508e-24
24.500000 1.522168e-24 1.407883e-24
28.500000 9.815072e-25 9.328914e-25
31.500000 5.102902e-25 4.326346e-25
33.500000 4.086689e-25 3.654046e-25
36.500000 5.000766e-25 2.985218e-25
41.500000 3.015678e-25 2.490578e-25
42.500000 2.578541e-25 2.422285e-25
44.500000 2.921165e-25 2.182931e-25
50.500000 1.925712e-25 1.822346e-25
51.500000 1.805908e-25 1.715606e-25
52.500000 2.799331e-25 1.664716e-25
53.500000 1.971146e-25 1.631969e-25
58.500000 1.607576e-25 1.537434e-25
63.500000 1.367141e-25 1.326498e-25
66.500000 1.281953e-25 1.272098e-25
67.500000 1.416087e-25 1.259339e-25
68.500000 1.952211e-25 1.246115e-25
69.500000 1.478397e-25 1.250367e-25
72.500000 1.247382e-25 1.242559e-25
75.500000 1.297242e-25 1.202737e-25
76.500000 1.766875e-25 1.173311e-25
81.500000 1.248153e-25 1.248153e-25
82.500000 1.172016e-25 1.172016e-25
83.500000 1.149064e-25 1.149064e-25
87.500000 1.183913e-25 1.131454e-25
91.500000 1.245012e-25 1.179446e-25
92.500000 1.890461e-25 1.119072e-25
97.500000 1.218451e-25 1.205472e-25
98.500000 1.098138e-25 1.090267e-25
99.500000 1.094301e-25 1.063689e-25
102.500000 1.154946e-25 1.068726e-25
106.500000 1.094333e-25 1.060071e-25
108.500000 1.134845e-25 1.073876e-25
110.500000 1.161115e-25 1.064502e-25
111.500000 1.055925e-25 1.055925e-25
112.500000 1.181520e-25 1.107242e-25
113.500000 1.175799e-25 1.109011e-25
114.500000 1.094621e-25 1.060821e-25
116.500000 1.112900e-25 1.042936e-25
120.500000 1.193055e-25 1.080607e-25
123.500000 1.115789e-25 1.042308e-25
124.500000 1.083235e-25 1.042208e-25
126.500000 1.064300e-25 1.030979e-25
130.500000 1.043312e-25 1.032717e-25
131.500000 1.081819e-25 1.040049e-25
133.500000 1.131318e-25 1.030069e-25
134.500000 1.063682e-25 1.025609e-25
137.500000 1.054388e-25 1.019911e-25
138.500000 1.101925e-25 1.027454e-25
143.500000 1.081915e-25 1.036875e-25
144.500000 1.083491e-25 1.028405e-25
150.500000 1.117056e-25 1.053757e-25
152.500000 1.120563e-25 1.032110e-25
153.500000 1.064904e-25 1.017082e-25
155.500000 1.067015e-25 1.015918e-25
157.500000 1.114085e-25 1.017282e-25
159.500000 1.055213e-25 1.017442e-25
161.500000 1.073629e-25 1.019044e-25
162.500000 1.080576e-25 1.019344e-25
163.500000 1.090419e-25 1.019318e-25
164.500000 1.076936e-25 1.019032e-25
166.500000 1.064193e-25 1.013231e-25
167.500000 1.100234e-25 1.041450e-25
168.500000 1.126575e-25 1.037647e-25
169.500000 1.098554e-25 1.030021e-25
170.500000 1.109343e-25 1.037651e-25
172.500000 1.076429e-25 1.033656e-25
174.500000 1.106168e-25 1.031753e-25
177.500000 1.099963e-25 1.034777e-25
178.500000 1.087392e-25 1.050497e-25
179.500000 1.176185e-25 1.106482e-25
181.500000 1.100505e-25 1.057304e-25
183.500000 1.108314e-25 1.039648e-25
185.500000 1.108954e-25 1.037287e-25
188.500000 1.093016e-25 1.040592e-25
189.500000 1.106637e-25 1.038075e-25
190.500000 1.205165e-25 1.041924e-25
191.500000 1.084254e-25 1.041170e-25
192.500000 1.097068e-25 1.041073e-25
193.500000 1.087107e-25 1.040796e-25
195.500000 1.076610e-25 1.040081e-25
197.500000 1.106816e-25 1.038243e-25
198.500000 1.116549e-25 1.038504e-25
203.500000 1.128577e-25 1.050149e-25
205.500000 1.110295e-25 1.047513e-25
206.500000 1.106867e-25 1.053459e-25
208.500000 1.129972e-25 1.048048e-25
209.500000 1.141999e-25 1.047555e-25
211.500000 1.099776e-25 1.056010e-25
212.500000 1.090257e-25 1.053264e-25
214.500000 1.124802e-25 1.052697e-25
221.500000 1.154698e-25 1.101984e-25
224.500000 1.148490e-25 1.069113e-25
225.500000 1.173864e-25 1.067394e-25
227.500000 1.189174e-25 1.065162e-25
228.500000 1.094871e-25 1.062631e-25
233.500000 1.135171e-25 1.068180e-25
234.500000 1.120715e-25 1.069259e-25
244.500000 1.138202e-25 1.076922e-25
247.500000 1.147061e-25 1.079369e-25
248.500000 1.166661e-25 1.080277e-25
250.500000 1.153488e-25 1.088054e-25
254.500000 1.153162e-25 1.087746e-25
258.500000 1.171899e-25 1.090904e-25
260.500000 1.145785e-25 1.095609e-25
264.500000 1.118487e-25 1.098034e-25
274.500000 1.200732e-25 1.160646e-25
276.500000 1.224228e-25 1.152255e-25
277.500000 1.206202e-25 1.159606e-25
278.500000 1.302494e-25 1.216491e-25
283.500000 1.236349e-25 1.131819e-25
285.500000 1.181383e-25 1.141942e-25
286.500000 1.203882e-25 1.163690e-25
290.500000 1.178009e-25 1.135813e-25
291.500000 1.227493e-25 1.132077e-25
293.500000 1.199165e-25 1.134567e-25
295.500000 1.181504e-25 1.135862e-25
296.500000 1.192018e-25 1.139817e-25
301.500000 1.204520e-25 1.160060e-25
302.500000 1.223798e-25 1.184774e-25
308.500000 1.160093e-25 1.150503e-25
309.500000 1.201016e-25 1.150745e-25
320.500000 1.218832e-25 1.174079e-25
321.500000 1.226560e-25 1.172520e-25
322.500000 1.210215e-25 1.177973e-25
324.500000 1.231235e-25 1.182986e-25
331.500000 1.337784e-25 1.188102e-25
333.500000 1.253735e-25 1.189136e-25
335.500000 1.331985e-25 1.198887e-25
339.500000 1.298954e-25 1.196514e-25
341.500000 1.241902e-25 1.205651e-25
345.500000 1.324644e-25 1.205987e-25
351.500000 1.297718e-25 1.218678e-25
352.500000 1.318912e-25 1.220691e-25
356.500000 1.363318e-25 1.221579e-25
358.500000 1.329588e-25 1.224733e-25
359.500000 1.319888e-25 1.227476e-25
360.500000 1.279800e-25 1.232561e-25
363.500000 1.326573e-25 1.233693e-25
367.500000 1.295376e-25 1.237988e-25
368.500000 1.336470e-25 1.245907e-25
369.500000 1.319778e-25 1.251775e-25
371.500000 1.383811e-25 1.296013e-25
372.500000 1.439589e-25 1.287041e-25
373.500000 1.368300e-25 1.282247e-25
374.500000 1.331700e-25 1.269794e-25
376.500000 1.308824e-25 1.267310e-25
379.500000 1.327435e-25 1.262211e-25
381.500000 1.357103e-25 1.274123e-25
383.500000 1.355842e-25 1.279250e-25
386.500000 1.341649e-25 1.291996e-25
388.500000 1.367920e-25 1.288357e-25
394.500000 1.322864e-25 1.305939e-25
395.500000 1.366614e-25 1.299464e-25
397.500000 1.356454e-25 1.298893e-25
400.500000 1.392739e-25 1.296178e-25
403.500000 1.378695e-25 1.304353e-25
410.500000 1.406676e-25 1.321404e-25
412.500000 1.413182e-25 1.315204e-25
413.500000 1.383616e-25 1.318475e-25
415.500000 1.423792e-25 1.322030e-25
416.500000 1.380484e-25 1.325145e-25
417.500000 1.377382e-25 1.325426e-25
418.500000 1.452861e-25 1.337338e-25
419.500000 1.344899e-25 1.344899e-25
420.500000 1.403004e-25 1.333728e-25
421.500000 1.437105e-25 1.334392e-25
423.500000 1.403403e-25 1.337331e-25
424.500000 1.405227e-25 1.339069e-25
426.500000 1.420811e-25 1.351342e-25
427.500000 1.421254e-25 1.358873e-25
428.500000 1.429638e-25 1.346143e-25
429.500000 1.416128e-25 1.346204e-25
432.500000 1.430081e-25 1.356206e-25
433.500000 1.441250e-25 1.364290e-25
437.500000 1.408332e-25 1.368985e-25
438.500000 1.391588e-25 1.369972e-25
439.500000 1.400298e-25 1.400298e-25
441.500000 1.447550e-25 1.383388e-25
442.500000 1.471096e-25 1.382349e-25
445.500000 1.491687e-25 1.381902e-25
446.500000 1.528255e-25 1.391831e-25
450.500000 1.473308e-25 1.397022e-25
451.500000 1.473900e-25 1.397836e-25
452.500000 1.475285e-25 1.405685e-25
463.500000 1.519461e-25 1.444455e-25
464.500000 1.510851e-25 1.446403e-25
465.500000 1.581950e-25 1.462241e-25
472.500000 1.696379e-25 1.581927e-25
473.500000 1.651772e-25 1.592290e-25
476.500000 1.752461e-25 1.657580e-25
478.500000 1.667746e-25 1.603605e-25
481.500000 1.725209e-25 1.592650e-25
485.500000 1.666726e-25 1.566593e-25
486.500000 1.612479e-25 1.554131e-25
492.500000 1.725555e-25 1.560168e-25
493.500000 1.545573e-25 1.545573e-25
494.500000 1.535088e-25 1.535088e-25
497.500000 1.581486e-25 1.525344e-25
498.500000 1.570163e-25 1.517201e-25
530.500000 1.633148e-25 1.555405e-25
531.500000 1.590184e-25 1.588078e-25
532.500000 1.630491e-25 1.556179e-25
533.500000 1.643477e-25 1.558049e-25
535.500000 1.638234e-25 1.560098e-25
537.500000 1.661356e-25 1.576532e-25
541.500000 1.616728e-25 1.586153e-25
543.500000 1.646014e-25 1.615603e-25
544.500000 1.655430e-25 1.625126e-25
545.500000 1.694809e-25 1.607653e-25
547.500000 1.719046e-25 1.598876e-25
554.500000 1.706165e-25 1.650607e-25
555.500000 1.664214e-25 1.664214e-25
556.500000 1.690175e-25 1.665916e-25
558.500000 1.940844e-25 1.797203e-25
559.500000 1.870841e-25 1.727192e-25
565.500000 1.720686e-25 1.624276e-25
566.500000 1.719247e-25 1.633630e-25
567.500000 1.836420e-25 1.633754e-25
573.500000 1.876463e-25 1.723198e-25
577.500000 1.704355e-25 1.641362e-25
581.500000 1.710902e-25 1.651416e-25
584.500000 1.734592e-25 1.659234e-25
586.500000 1.741399e-25 1.662032e-25
587.500000 1.747511e-25 1.664163e-25
588.500000 1.748855e-25 1.665443e-25
594.500000 1.782831e-25 1.683479e-25
595.500000 1.819565e-25 1.686825e-25
596.500000 1.761729e-25 1.692301e-25
597.500000 1.753089e-25 1.687047e-25
602.500000 1.732521e-25 1.701013e-25
603.500000 1.784092e-25 1.718054e-25
604.500000 1.794673e-25 1.712238e-25
605.500000 1.795801e-25 1.706037e-25
606.500000 1.843558e-25 1.843558e-25
607.500000 1.761061e-25 1.713449e-25
608.500000 1.769703e-25 1.714254e-25
