6.165950e-14 0.100000
6.309573e-14 0.100000
6.456542e-14 0.249950
6.606934e-14 0.249950
6.760830e-14 0.399900
6.918310e-14 0.399900
7.079458e-14 0.399900
7.244360e-14 0.549850
7.413102e-14 0.399900
7.585776e-14 0.549850
7.762471e-14 0.549850
7.943282e-14 0.699800
8.128305e-14 1.449550
8.317638e-14 1.599500
8.511380e-14 1.899400
8.709636e-14 2.499200
8.912509e-14 2.799100
9.120108e-14 2.949050
9.332543e-14 3.398900
9.549926e-14 3.698800
9.772372e-14 4.148650
1.000000e-13 6.997700
1.023293e-13 7.597500
1.047129e-13 8.797100
1.071519e-13 10.746450
1.096478e-13 7.747450
1.122018e-13 12.695800
1.148154e-13 14.495200
1.174898e-13 18.543850
1.202264e-13 20.343250
1.230269e-13 23.192300
1.258925e-13 25.441550
1.288250e-13 32.639150
1.318257e-13 34.888400
1.348963e-13 42.535850
1.380384e-13 47.634150
1.412538e-13 34.138650
1.445440e-13 49.583500
1.479108e-13 66.377900
1.513561e-13 72.975700
1.548817e-13 77.924050
1.584893e-13 60.379900
1.621810e-13 66.377900
1.659587e-13 102.515850
1.698244e-13 108.813750
1.737801e-13 125.308250
1.778279e-13 126.957700
1.819701e-13 139.553500
1.862087e-13 139.703450
1.905461e-13 149.600150
1.949845e-13 106.564500
1.995262e-13 174.042000
2.041738e-13 197.884050
2.089296e-13 198.483850
2.137962e-13 193.385550
2.187762e-13 215.428200
2.238721e-13 210.629800
2.290868e-13 189.786750
2.344229e-13 178.990350
2.398833e-13 186.038000
2.454709e-13 181.839400
2.511886e-13 172.392550
2.570396e-13 174.191950
2.630268e-13 162.495850
2.691535e-13 163.245600
2.754229e-13 151.849400
2.818383e-13 161.296250
2.884032e-13 158.747100
2.951209e-13 154.098650
3.019952e-13 145.551500
3.090295e-13 132.205950
3.162278e-13 127.107650
3.235937e-13 128.607150
3.311311e-13 117.360900
3.388442e-13 110.463200
3.467369e-13 101.466200
3.548134e-13 96.817750
3.630781e-13 94.868400
3.715352e-13 89.470200
3.801894e-13 96.068000
3.890451e-13 91.719450
3.981072e-13 84.671800
4.073803e-13 79.723450
4.168694e-13 76.274600
4.265795e-13 76.874400
4.365158e-13 76.874400
4.466836e-13 75.524850
4.570882e-13 71.026350
4.677351e-13 67.877400
4.786301e-13 69.376900
4.897788e-13 66.527850
5.011872e-13 65.628150
5.128614e-13 63.378900
5.248075e-13 60.529850
5.370318e-13 56.781100
5.495409e-13 58.580500
5.623413e-13 52.582500
5.754399e-13 50.333250
5.888437e-13 47.034350
6.025596e-13 45.684800
6.165950e-13 43.285600
6.309573e-13 40.436550
6.456542e-13 39.836750
6.606934e-13 38.487200
6.760830e-13 36.088000
6.918310e-13 33.688800
7.079458e-13 31.889400
7.244360e-13 28.590500
7.413102e-13 26.641150
7.585776e-13 26.191300
7.762471e-13 24.541850
7.943282e-13 23.042350
8.128305e-13 22.892400
8.317638e-13 21.242950
8.511380e-13 20.493200
8.709636e-13 20.043350
8.912509e-13 19.443550
9.120108e-13 19.443550
9.332543e-13 18.393900
9.549926e-13 18.094000
9.772372e-13 16.444550
1.000000e-12 16.744450
1.023293e-12 18.993700
1.047129e-12 19.293600
1.071519e-12 18.843750
1.096478e-12 19.143650
1.122018e-12 19.593500
1.148154e-12 18.843750
1.174898e-12 17.944050
1.202264e-12 18.993700
1.230269e-12 18.243950
1.258925e-12 18.693800
