21.546961325966834 23.987078924184665
22.651933701657455 18.33162853535181
24.309392265193367 14.062724521952997
28.453038674033138 9.306645115736247
31.215469613259657 4.322489460726614
33.14917127071823 3.652104144902232
35.91160220994476 2.9879415730684102
41.43646408839777 2.4912925683967746
42.54143646408838 2.4261160706201954
44.1988950276243 2.1820210857350495
50.27624309392266 1.819330392526496
50.82872928176795 1.7123628025477002
51.933701657458556 1.6675644469435786
53.038674033149164 1.6300998452468476
58.01104972375691 1.5342580714892404
62.98342541436463 1.3286127527368983
65.74585635359117 1.2695843918700955
68.50828729281767 1.2552417164820988
71.82320441988949 1.2363698809196009
75.13812154696132 1.2040243186933863
76.79558011049721 1.1725249719985236
81.21546961325967 1.2457700636683673
82.32044198895025 1.176973914964941
82.8729281767956 1.1505312434313626
87.29281767955803 1.1289500639423344
91.16022099447514 1.1814397386750455
92.26519337016572 1.1204313675754947
97.79005524861878 1.2040243186933863
98.3425414364641 1.095259018169943
98.89502762430939 1.0625734079801272
102.20994475138119 1.0666051587765966
105.52486187845304 1.0585568971385275
107.73480662983425 1.0666051587765966
111.60220994475137 1.0585568971385275
112.707182320442 1.107773695109946
114.3646408839779 1.0625734079801272
116.57458563535914 1.0465982293629894
120.44198895027623 1.0787924302468033
123.75690607734808 1.0426421044463825
126.51933701657461 1.0269665814875104
130.3867403314917 1.0347746603576278
133.70165745856355 1.0308632283466965
137.5690607734807 1.0230846638924287
143.646408839779 1.0308632283466965
150.27624309392266 1.0545555686450085
151.93370165745858 1.0347746603576278
154.6961325966851 1.019217419885062
159.11602209944752 1.0230846638924287
161.87845303867405 1.0230846638924287
165.7458563535912 1.0230846638924287
169.060773480663 1.0347746603576278
173.48066298342542 1.0308632283466965
177.34806629834253 1.0308632283466965
179.00552486187843 1.0505693651105323
179.00552486187843 1.0994147888542873
181.76795580110496 1.0585568971385275
183.42541436464086 1.0426421044463825
187.8453038674033 1.0387009336200037
192.26519337016572 1.0387009336200037
197.79005524861878 1.0387009336200037
203.3149171270718 1.0505693651105323
206.62983425414365 1.0465982293629894
210.49723756906076 1.0505693651105323
214.91712707182324 1.0585568971385275
222.09944751381215 1.0994147888542873
224.30939226519337 1.0747146117550361
228.17679558011048 1.0706522073533074
232.5966850828729 1.0706522073533074
243.64640883977904 1.0787924302468033
247.5138121546961 1.0787924302468033
251.38121546961327 1.0911189562337043
255.24861878453038 1.0869945436667476
259.11602209944755 1.0911189562337043
264.08839779005524 1.0994147888542873
274.58563535911605 1.154896735003268
277.90055248618785 1.154896735003268
282.8729281767956 1.1289500639423344
285.63535911602213 1.141849702381505
286.7403314917127 1.176973914964941
290.05524861878456 1.1375335283885852
294.475138121547 1.1375335283885852
301.1049723756906 1.1592787906769937
302.2099447513812 1.1859225071798956
308.83977900552486 1.154896735003268
320.44198895027625 1.176973914964941
325.414364640884 1.1859225071798956
331.49171270718233 1.1859225071798956
335.3591160220995 1.1994731256245008
340.8839779005525 1.2040243186933863
345.30386740331494 1.2085927804762657
351.93370165745864 1.2177817725252038
356.353591160221 1.2177817725252038
360.2209944751381 1.231696422132053
363.53591160221 1.231696422132053
368.50828729281767 1.2363698809196009
371.2707182320442 1.2889632106571285
375.1381215469614 1.2744016099979596
379.55801104972375 1.2695843918700955
383.97790055248623 1.2744016099979596
387.8453038674033 1.2889632106571285
393.9226519337017 1.3086378259425933
397.79005524861884 1.303691195454619
401.10497237569064 1.2987632631524229
403.86740331491717 1.3086378259425933
411.04972375690613 1.3235906173384622
414.91712707182324 1.3235906173384622
418.78453038674036 1.3286127527368983
422.6519337016575 1.3336539437584483
426.5193370165746 1.3540107142624056
430.9392265193371 1.3540107142624056
437.01657458563545 1.3746782086293945
440.8839779005525 1.3798941870464212
446.4088397790056 1.385129956590329
451.9337016574585 1.395661169719733
464.64088397790056 1.43859282658967
465.7458563535912 1.4716560204848839
473.4806629834254 1.5934769479789135
479.0055248618785 1.599523120324203
481.21546961325964 1.5934769479789135
485.6353591160221 1.5576768448534397
492.81767955801115 1.5576768448534397
497.79005524861884 1.5284586000064537
530.939226519337 1.5517888507740905
537.0165745856353 1.5635871799067325
541.4364640883979 1.5874536300704003
544.1988950276243 1.623938093360201
548.6187845303867 1.605592233823475
554.1436464088398 1.6487257342875046
560.2209944751382 1.7253819835586173
559.1160220994475 1.8124533521346013
565.1933701657458 1.623938093360201
568.5082872928177 1.6362849768340317
573.4806629834255 1.7188600666813294
577.3480662983426 1.6362849768340317
582.8729281767957 1.6549815385853086
588.3977900552487 1.6738917314743567
595.0276243093923 1.6866184149857704
603.3149171270719 1.699441860115725
609.3922651933702 1.7123628025477002